-0.8999999999999999 -0.8999999999999999 -0.8999999999999999 17 0.34707 17
0.25 0.25 -0.8885 21 1.630637 4
-0.35 -0.35 -0.8831149999999999 28 3.935471 7
-1.55 -1.55 -0.8897838499999998 55 13.532797 27
0.35000000000000003 0.35000000000000003 -0.8773860114999998 65 18.048716 10
0.016666666666666732 0.016666666666666732 -0.8684454847183332 87 28.578549 22
0.25 0.25 -0.8572610298711498 91 30.560248 4
0.25 0.25 -0.8461884195724384 96 32.786292 5
-0.19999999999999996 -0.19999999999999996 -0.839726535376714 105 37.256335 9
0.6 0.6 -0.8253292700229469 111 40.303184 6
0.4500000000000001 0.4500000000000001 -0.8125759773227175 128 48.854309 17
0.15000000000000002 0.15000000000000002 -0.8029502175494904 135 52.598294 7
-0.09999999999999998 -0.09999999999999998 -0.7959207153739954 139 54.568025 4
0.25 0.25 -0.7854615082202555 143 56.580641 4
0.45 0.45 -0.773106893138053 150 60.365515 7
-0.7499999999999998 -0.7499999999999998 -0.7728758242066724 166 68.602482 16
-0.35 -0.35 -0.7686470659646056 173 72.188888 7
0.25 0.25 -0.7584605953049596 177 74.279296 4
0.25 0.25 -0.7483759893519101 181 76.322829 4
0.45 0.45 -0.736392229458391 187 79.386634 6
-0.6499999999999999 -0.6499999999999999 -0.735528307163807 195 83.28321 8
0.10000000000000003 0.10000000000000003 -0.7271730240921689 201 86.18744 6
-0.14999999999999997 -0.14999999999999997 -0.7214012938512472 209 90.421115 8
0.45 0.45 -0.7096872809127348 215 93.554733 6
-0.35 -0.35 -0.7060904081036073 222 97.402947 7
0.2 0.2 -0.6970295040225712 226 99.50233 4
-0.24999999999999994 -0.24999999999999994 -0.6925592089823455 244 108.739619 18
0.2 0.2 -0.683633616892522 248 110.696385 4
-0.09999999999999998 -0.09999999999999998 -0.6777972807235968 252 112.643177 4
0.43333333333333335 0.43333333333333335 -0.6666859745830275 263 118.052707 11
-0.44999999999999996 -0.44999999999999996 -0.6645191148371972 284 128.334202 21
-0.14999999999999997 -0.14999999999999997 -0.6593739236888251 294 133.362751 10
0.6000000000000001 0.6000000000000001 -0.6467801844519369 307 139.780582 13
-0.09999999999999998 -0.09999999999999998 -0.6413123826074175 311 141.762281 4
0.25 0.25 -0.6323992587813434 315 143.732013 4
-0.049999999999999975 -0.049999999999999975 -0.6265752661935299 320 146.425807 5
-0.39999999999999997 -0.39999999999999997 -0.6243095135315946 329 151.113266 9
-0.24999999999999994 -0.24999999999999994 -0.6205664183962786 344 158.615198 15
0.25 0.25 -0.6118607542123158 348 160.58094 4
-0.14999999999999997 -0.14999999999999997 -0.6072421466701926 356 164.443607 8
0.5 0.5 -0.5961697252034907 367 170.219157 11
-0.49999999999999994 -0.49999999999999994 -0.5952080279514558 376 174.598442 9
-0.09999999999999998 -0.09999999999999998 -0.5902559476719412 380 176.572162 4
0.25 0.25 -0.5818533881952218 385 179.009642 5
-0.8999999999999999 -0.8999999999999999 -0.5850348543132696 407 189.829697 22
0.25 0.25 -0.576684505770137 413 192.814713 6
-0.8499999999999999 -0.8499999999999999 -0.5794176607124355 432 202.192626 19
0.8166666666666667 0.8166666666666667 -0.5654568174386445 442 207.085536 10
0.25 0.25 -0.5573022492642581 446 209.109124 4
0.06666666666666672 0.06666666666666672 -0.5510625601049488 458 214.940524 12
0.25 0.25 -0.5430519345038993 462 216.885321 4
0.3500000000000001 0.3500000000000001 -0.5341214151588604 472 221.722382 10
0.25 0.25 -0.5262802010072718 476 223.72303 4
0.30000000000000004 0.30000000000000004 -0.5180173989971991 491 231.002556 15
0.25 0.25 -0.5103372250072272 495 233.068032 4
-0.19999999999999996 -0.19999999999999996 -0.5072338527571549 504 237.613871 9
0.2833333333333333 0.2833333333333333 -0.49932818089625 522 246.354489 18
5.551115123125783e-17 5.551115123125783e-17 -0.49433489908728745 533 251.831836 11
0.25 0.25 -0.48689155009641455 538 254.30522 5
0.65 0.65 -0.4755226345954504 544 257.208454 6
-0.09999999999999998 -0.09999999999999998 -0.4717674082494959 548 259.199129 4
0.4166666666666667 0.4166666666666667 -0.4628830675003343 558 264.053144 10
0.45 0.45 -0.45375423682533095 564 266.997269 6
-0.09999999999999998 -0.09999999999999998 -0.4502166944570776 568 268.996919 4
0.35000000000000003 0.35000000000000003 -0.44221452751250684 578 273.876864 10
0.25 0.25 -0.43529238223738176 591 280.19297 13
0.25 0.25 -0.4284394584150079 596 282.643414 5
0.05000000000000006 0.05000000000000006 -0.4236550638308578 608 288.499747 12
0.25 0.25 -0.41691851319254924 612 290.493413 4
0.25 0.25 -0.41024932806062375 616 292.45018 4
-0.3666666666666666 -0.3666666666666666 -0.40981350144668416 632 300.438809 16
-0.049999999999999975 -0.049999999999999975 -0.40621536643221734 638 303.501617 6
-0.09999999999999998 -0.09999999999999998 -0.4031532127678952 642 305.57108 4
-0.7499999999999999 -0.7499999999999999 -0.4066216806402162 657 312.966297 15
-0.049999999999999864 -0.049999999999999864 -0.403055463833814 673 320.841231 16
-1.5166666666666668 -1.5166666666666668 -0.41419157586214256 698 333.583653 25
0.25 0.25 -0.4075496601035211 702 335.609236 4
-0.049999999999999975 -0.049999999999999975 -0.4039741635024859 708 338.535407 6
-0.5499999999999998 -0.5499999999999998 -0.40543442186746104 726 347.455545 18
0.15000000000000002 0.15000000000000002 -0.3998800776487864 734 351.393012 8
0.25 0.25 -0.39338127687229857 738 353.36374 4
0.6500000000000001 0.6500000000000001 -0.38294746410357555 746 357.280263 8
0.5 0.5 -0.37411798946253977 751 359.714751 5
-0.19999999999999996 -0.19999999999999996 -0.37237680956791436 761 364.711385 10
1.0166666666666668 1.0166666666666668 -0.35848637480556855 772 370.171777 11
-0.09999999999999998 -0.09999999999999998 -0.3559015110575129 776 372.144501 4
0.6333333333333334 0.6333333333333334 -0.34600916261360437 793 380.889108 17
-0.09999999999999992 -0.09999999999999992 -0.34354907098746834 809 388.905663 16
-0.49999999999999994 -0.49999999999999994 -0.34511358027759365 818 393.320853 9
-0.7999999999999999 -0.7999999999999999 -0.3496624444748177 830 399.159235 12
-0.39999999999999997 -0.39999999999999997 -0.3501658200300695 835 401.588735 5
0.1000000000000001 0.1000000000000001 -0.34566416182976883 849 408.413478 14
-0.49999999999999983 -0.49999999999999983 -0.34720752021147117 868 417.629824 19
0.5666666666666667 0.5666666666666667 -0.3380687783426898 878 422.531711 10
0.10000000000000003 0.10000000000000003 -0.33368809055926285 884 425.484812 6
-0.14999999999999997 -0.14999999999999997 -0.3318512096536702 893 430.102459 9
-0.09999999999999998 -0.09999999999999998 -0.3295326975571335 902 434.675226 9
0.45 0.45 -0.32173737058156215 908 437.724071 6
-0.2666666666666667 -0.2666666666666667 -0.32118666354241315 920 443.642238 12
-0.7 -0.7 -0.32497479690698905 928 447.646527 8
-0.049999999999999975 -0.049999999999999975 -0.32222504893791915 933 450.132877 5
-0.09999999999999998 -0.09999999999999998 -0.32000279844853996 937 452.123552 4
0.25 0.25 -0.3143027704640546 941 454.124199 4
0.2 0.2 -0.30915974275941405 945 456.083958 4
-0.049999999999999975 -0.049999999999999975 -0.3065681453318199 955 460.958916 10
0.25 0.25 -0.3010024638785017 960 463.40936 5
-0.35 -0.35 -0.3014924392397167 971 468.78498 11
-0.44999999999999996 -0.44999999999999996 -0.30297751484731955 982 474.147634 11
-0.8 -0.8 -0.30794773969884637 1004 484.843024 22
-0.049999999999999975 -0.049999999999999975 -0.30536826230185793 1009 487.268535 5
0.6166666666666667 0.6166666666666667 -0.2961479130121727 1016 490.69836 7
0.25 0.25 -0.29068643388205095 1020 492.702997 4
0.30000000000000004 0.30000000000000004 -0.2847795695432304 1027 496.211612 7
0.25 0.25 -0.2794317738477981 1032 498.695966 5
-0.7 -0.7 -0.2836374561093201 1040 502.607502 8
-0.14999999999999986 -0.14999999999999986 -0.2823010815482269 1059 512.355425 19
0.2666666666666667 0.2666666666666667 -0.276811404066078 1067 516.317826 8
-0.049999999999999975 -0.049999999999999975 -0.2745432900254172 1071 518.314485 4
0.6 0.6 -0.265797857125163 1077 521.234673 6
-0.7499999999999999 -0.7499999999999999 -0.2706398785539114 1093 529.060738 16
-0.049999999999999975 -0.049999999999999975 -0.2684334797683723 1099 532.030793 6
-0.29999999999999993 -0.29999999999999993 -0.2687491449706886 1111 537.905079 12
0.05000000000000006 0.05000000000000006 -0.2655616535209817 1124 544.217193 13
-0.3333333333333333 -0.3333333333333333 -0.2662393703191053 1141 552.492057 17
0.25 0.25 -0.2610769766159142 1145 554.44583 4
0.25 0.25 -0.2559662068497551 1149 556.394619 4
-0.35 -0.35 -0.2569065447812575 1156 559.807487 7
0.25 0.25 -0.2518374793334449 1160 561.874957 4
-0.049999999999999975 -0.049999999999999975 -0.24981910454011047 1164 563.867627 4
0.25 0.25 -0.24482091349470936 1168 565.878248 4
0.10000000000000003 0.10000000000000003 -0.24137270435976227 1175 569.368911 7
-0.049999999999999975 -0.049999999999999975 -0.23945897731616464 1180 571.79143 5
0.25 0.25 -0.234564387543003 1184 574.164084 4
0.25 0.25 -0.22971874366757294 1188 576.186672 4
-0.6999999999999998 -0.6999999999999998 -0.23442155623089722 1205 584.648038 17
-0.04999999999999993 -0.04999999999999993 -0.23257734066858823 1218 590.97212 13
-0.5499999999999998 -0.5499999999999998 -0.23575156726190236 1233 598.260623 15
-0.6499999999999999 -0.6499999999999999 -0.23989405158928334 1243 603.16251 10
0.55 0.55 -0.2319951110733905 1250 606.617269 7
0.09999999999999994 0.09999999999999994 -0.22867515996265658 1266 614.442336 16
-0.35 -0.35 -0.22988840836303 1272 617.437324 6
-0.44999999999999996 -0.44999999999999996 -0.23208952427939972 1284 623.559945 12
0.45 0.45 -0.22526862903660572 1290 626.569893 6
0.8166666666666668 0.8166666666666668 -0.214849276079573 1310 636.55219 20
0.2 0.2 -0.21070078331877726 1314 638.505964 4
0.25 0.25 -0.2060937754855895 1318 640.442782 4
0.3500000000000001 0.3500000000000001 -0.2005328377307336 1328 645.32572 10
0.25 0.25 -0.19602750935342628 1333 647.81905 5
0.05000000000000006 0.05000000000000006 -0.193567234259892 1345 653.763149 12
0.35000000000000003 0.35000000000000003 -0.18813156191729308 1355 658.655063 10
-0.049999999999999975 -0.049999999999999975 -0.18675024629812015 1361 661.634601 6
-0.09999999999999998 -0.09999999999999998 -0.18588274383513895 1365 663.997281 4
-0.049999999999999975 -0.049999999999999975 -0.18452391639678756 1370 666.449721 5
0.45 0.45 -0.1781786772328197 1376 669.394842 6
-0.09999999999999998 -0.09999999999999998 -0.17739689046049148 1380 671.36557 4
0.25 0.25 -0.17312292155588657 1388 675.280098 8
-0.24999999999999994 -0.24999999999999994 -0.1738916923403277 1400 681.149397 12
0.25 0.25 -0.16965277541692442 1405 683.63475 5
-0.09999999999999998 -0.09999999999999998 -0.16895624766275516 1410 686.092175 5
0.35000000000000003 0.35000000000000003 -0.1637666851861276 1420 691.058888 10
-0.44999999999999996 -0.44999999999999996 -0.16662901833426633 1431 696.76662 11
0.15000000000000002 0.15000000000000002 -0.16346272815092366 1438 700.222376 7
0.45 0.45 -0.15732810086941443 1445 703.692094 7
0.6166666666666667 0.6166666666666667 -0.1495881531940536 1452 707.167796 7
0.15000000000000008 0.15000000000000008 -0.14659227166211308 1470 716.091924 18
0.43333333333333335 0.43333333333333335 -0.14079301561215862 1485 723.430294 15
0.15000000000000002 0.15000000000000002 -0.13788508545603703 1493 727.3528 8
0.25 0.25 -0.13400623460147665 1497 729.315549 4
0.25 0.25 -0.13016617225546187 1501 731.295254 4
0.15000000000000002 0.15000000000000002 -0.12736451053290726 1509 735.388305 8
-1.0499999999999998 -1.0499999999999998 -0.1365908654275782 1524 742.890236 15
-0.09999999999999998 -0.09999999999999998 -0.13622495677330243 1528 744.856975 4
-0.09999999999999992 -0.09999999999999992 -0.1358627072055694 1542 751.725601 14
0.45 0.45 -0.1300040801335137 1548 754.680696 6
-0.14999999999999997 -0.14999999999999997 -0.13020403933217856 1557 759.242492 9
-0.049999999999999975 -0.049999999999999975 -0.12940199893885676 1562 761.88243 5
-0.19999999999999996 -0.19999999999999996 -0.13010797894946818 1570 765.840842 8
-0.6499999999999999 -0.6499999999999999 -0.13530689915997351 1581 771.252365 11
-0.049999999999999975 -0.049999999999999975 -0.13445383016837378 1586 773.708794 5
0.25 0.25 -0.13060929186669004 1590 775.664563 4
0.2 0.2 -0.12730319894802314 1602 781.597691 12
-0.5499999999999998 -0.5499999999999998 -0.13153016695854292 1618 789.482598 16
0.10000000000000003 0.10000000000000003 -0.12921486528895748 1624 792.42772 6
-0.049999999999999975 -0.049999999999999975 -0.1284227166360679 1633 796.854877 9
-1.3 -1.3 -0.14013848946970725 1653 806.680593 20
0.25 0.25 -0.13623710457501018 1657 808.703181 4
0.6500000000000001 0.6500000000000001 -0.12837473352926007 1665 812.676552 8
0.10000000000000003 0.10000000000000003 -0.12609098619396747 1671 815.61968 6
0.25 0.25 -0.12233007633202779 1675 817.616338 4
0.25 0.25 -0.11860677556870751 1680 820.184467 5
0.45 0.45 -0.11292070781302042 1686 823.180454 6
0.35000000000000003 0.35000000000000003 -0.10829150073489022 1695 827.826026 9
-0.49999999999999994 -0.49999999999999994 -0.11220858572754132 1705 832.781769 10
-0.8499999999999999 -0.8499999999999999 -0.1195864998702659 1724 842.070921 19
-0.09999999999999998 -0.09999999999999998 -0.11939063487156325 1728 844.036662 4
0.5999999999999999 0.5999999999999999 -0.11219672852284762 1746 852.962783 18
0.25 0.25 -0.10857476123761914 1751 855.467084 5
5.551115123125783e-17 5.551115123125783e-17 -0.10748901362524295 1763 861.370293 12
-1.3 -1.3 -0.11941412348899051 1787 873.242534 24
0.25 0.25 -0.1157199822541006 1791 875.256147 4
-0.2999999999999999 -0.2999999999999999 -0.1175627824315596 1814 886.993256 23
-0.14999999999999997 -0.14999999999999997 -0.117887154607244 1823 891.720611 9
0.25 0.25 -0.11420828306117156 1828 894.287744 5
0.10000000000000003 0.10000000000000003 -0.11206620023055984 1835 897.785388 7
0.9833333333333334 0.9833333333333334 -0.10111220489492091 1847 903.776361 12
0.05000000000000006 0.05000000000000006 -0.0996010828459717 1860 910.25902 13
0.25 0.25 -0.09610507201751198 1866 913.341773 6
-1.3499999999999999 -1.3499999999999999 -0.10864402129733686 1885 922.861308 19
-0.19999999999999996 -0.19999999999999996 -0.10955758108436349 1893 926.85662 8
-0.14999999999999997 -0.14999999999999997 -0.10996200527351986 1903 931.891153 10
0.3500000000000001 0.3500000000000001 -0.10536238522078466 1913 936.863849 10
-0.19999999999999996 -0.19999999999999996 -0.10630876136857681 1921 940.866143 8
0.45 0.45 -0.10074567375489103 1927 943.847169 6
0.4 0.4 -0.09573821701734211 1934 947.386699 7
0.15000000000000002 0.15000000000000002 -0.09328083484716869 1941 950.9382 7
-0.09999999999999998 -0.09999999999999998 -0.093348026498697 1945 952.976747 4
0.25 0.25 -0.08991454623371002 1950 955.56981 5
-0.7666666666666665 -0.7666666666666665 -0.09668206743803959 1971 966.082688 21
0.5 0.5 -0.09071524676365919 1977 969.07568 6
0.25 0.25 -0.0873080942960226 1982 971.566018 5
-0.5999999999999999 -0.5999999999999999 -0.09243501335306237 1999 980.119138 17
-0.39999999999999997 -0.39999999999999997 -0.09551066321953175 2005 983.156015 6
5.551115123125783e-17 5.551115123125783e-17 -0.09455555658733643 2015 988.306237 10
-0.04999999999999992 -0.04999999999999992 -0.09411000102146307 2031 997.125645 16
-0.14999999999999997 -0.14999999999999997 -0.09466890101124843 2041 1002.226001 10
-0.09999999999999998 -0.09999999999999998 -0.09472221200113595 2045 1004.283496 4
0.15000000000000008 0.15000000000000008 -0.09227498988112459 2057 1010.444016 12
-0.049999999999999975 -0.049999999999999975 -0.09185223998231334 2063 1013.534749 6
-0.19999999999999996 -0.19999999999999996 -0.09293371758249021 2071 1017.532056 8
-0.14999999999999997 -0.14999999999999997 -0.09350438040666531 2083 1023.900021 12
0.25 0.25 -0.09006933660259865 2087 1026.062238 4
-0.09999999999999998 -0.09999999999999998 -0.09016864323657267 2091 1028.093802 4
0.25 0.25 -0.08676695680420694 2095 1030.157283 4
0.2500000000000001 0.2500000000000001 -0.08339928723616487 2106 1035.765281 11
0.45000000000000007 0.45000000000000007 -0.07806529436380322 2116 1040.802805 10
-0.49999999999999994 -0.49999999999999994 -0.08228464142016519 2125 1045.373578 9
-0.5999999999999999 -0.5999999999999999 -0.08746179500596354 2139 1052.504502 14
0.40000000000000013 0.40000000000000013 -0.0825871770559039 2158 1061.991125 19
0.6500000000000001 0.6500000000000001 -0.07526130528534486 2166 1065.977461 8
0.2 0.2 -0.07250869223249141 2170 1067.987085 4
-0.29999999999999993 -0.29999999999999993 -0.0747836053101665 2183 1074.618345 13
0.25 0.25 -0.07153576925706484 2187 1076.694791 4
0.25 0.25 -0.06832041156449419 2191 1078.745306 4
0.3500000000000001 0.3500000000000001 -0.06413720744884924 2201 1083.860622 10
0.15000000000000002 0.15000000000000002 -0.061995835374360736 2208 1087.52482 7
-0.09999999999999998 -0.09999999999999998 -0.06237587702061713 2213 1090.171739 5
-0.09999999999999998 -0.09999999999999998 -0.06275211825041095 2217 1092.205299 4
0.25 0.25 -0.05962459706790684 2221 1094.269776 4
-0.09999999999999998 -0.09999999999999998 -0.060028351097227775 2225 1096.28339 4
0.25 0.25 -0.056928067586255494 2229 1098.308971 4
-0.5499999999999998 -0.5499999999999998 -0.061858786910392934 2244 1105.857777 15
-0.049999999999999975 -0.049999999999999975 -0.061740199041289 2249 1108.456827 5
-0.14999999999999997 -0.14999999999999997 -0.06262279705087612 2260 1114.051858 11
0.25 0.25 -0.05949656908036735 2264 1116.074447 4
-0.49999999999999994 -0.49999999999999994 -0.06390160338956367 2275 1121.578723 11
-0.14999999999999997 -0.14999999999999997 -0.06476258735566803 2284 1126.098632 9
0.45 0.45 -0.059614961482111345 2290 1129.091626 6
0.8166666666666667 0.8166666666666667 -0.05085214520062356 2296 1132.085616 6
-0.1833333333333333 -0.1833333333333333 -0.05217695708195066 2329 1148.693189 33
1.0000000000000002 1.0000000000000002 -0.04165518751113115 2339 1153.916219 10
0.6500000000000001 0.6500000000000001 -0.03473863563601984 2347 1157.958405 8
0.25 0.25 -0.03189124927965964 2351 1160.003932 4
-0.49999999999999994 -0.49999999999999994 -0.03657233678686304 2360 1164.535809 9
0.25 0.25 -0.033706613418994405 2364 1166.543439 4
0.45 0.45 -0.028869547284804457 2370 1169.626192 6
0.15000000000000002 0.15000000000000002 -0.02708085181195641 2377 1173.151761 7
0.25 0.25 -0.024310043293836847 2382 1175.705929 5
0.6000000000000001 0.6000000000000001 -0.018066942860898477 2390 1179.848846 8
-0.39999999999999997 -0.39999999999999997 -0.02188627343228949 2396 1182.925616 6
-1.3833333333333333 -1.3833333333333333 -0.03550074403129993 2421 1195.629631 25
0.25 0.25 -0.03264573659098693 2425 1197.658205 4
0.25 0.25 -0.029819279225077062 2430 1200.202399 5
0.9833333333333333 0.9833333333333333 -0.019687753099492958 2438 1204.27251 8
0.25 0.25 -0.01699087556849803 2442 1206.312055 4
-1.0999999999999999 -1.0999999999999999 -0.02782096681281305 2455 1212.99019 13
-0.09999999999999998 -0.09999999999999998 -0.02854275714468492 2459 1215.091569 4
0.25 0.25 -0.02575732957323807 2463 1217.209903 4
0.15000000000000002 0.15000000000000002 -0.02399975627750569 2471 1221.467513 8
0.7166666666666667 0.7166666666666667 -0.016593092048063966 2479 1225.504713 8
-0.39999999999999997 -0.39999999999999997 -0.020427161127583325 2484 1228.043921 5
0.3000000000000001 0.3000000000000001 -0.017222889516307488 2493 1232.629653 9
0.15000000000000002 0.15000000000000002 -0.015550660621144413 2501 1236.653888 8
-0.01666666666666665 -0.01666666666666665 -0.015561820681599635 2515 1243.776834 14
0.25 0.25 -0.012906202474783638 2519 1245.840314 4
0.8 0.8 -0.004777140450035801 2527 1249.934362 8
-0.049999999999999975 -0.049999999999999975 -0.005229369045535443 2532 1252.467586 5
0.25 0.25 -0.0026770753550800883 2536 1254.509125 4
0.45 0.45 0.0018496953984707132 2542 1257.553979 6
-0.049999999999999975 -0.049999999999999975 0.0013311984444860062 2546 1259.606488 4
0.25 0.25 0.003817886460041146 2550 1261.645034 4
-0.09999999999999998 -0.09999999999999998 0.002779707595440735 2555 1264.185242 5
0.25 0.25 0.0052519105194863275 2559 1266.234757 4
0.25 0.25 0.007699391414291464 2563 1268.268317 4
-0.5333333333333332 -0.5333333333333332 0.0022890641668152165 2578 1275.863 15
0.25 0.25 0.004766173525147065 2582 1277.938449 4
0.25 0.25 0.007218511789895594 2586 1279.960041 4
0.3500000000000001 0.3500000000000001 0.010646326671996638 2596 1285.142178 10
0.25 0.25 0.013039863405276672 2600 1287.366229 4
0.5166666666666666 0.5166666666666666 0.01807613143789057 2606 1290.43901 6
-0.19999999999999996 -0.19999999999999996 0.015895370123511665 2615 1294.998811 9
0.35000000000000003 0.35000000000000003 0.019236416422276546 2626 1300.611796 11
0.25 0.25 0.02154405225805378 2630 1302.673282 4
-0.35 -0.35 0.017828611735473242 2638 1306.707489 8
0.25 0.25 0.020150325618118508 2642 1308.741049 4
-0.35 -0.35 0.016448822361937322 2648 1311.829788 6
0.25 0.25 0.018784334138317947 2652 1313.92917 4
0.25 0.25 0.021096490796934767 2656 1315.977691 4
0.25 0.25 0.02338552588896542 2661 1318.536845 5
-1.0333333333333334 -1.0333333333333334 0.01281833729674243 2684 1330.153769 23
-0.6499999999999999 -0.6499999999999999 0.0061901539237750065 2693 1334.700606 9
-1.0666666666666667 -1.0666666666666667 -0.00453841428212941 2715 1347.17275 22
0.45 0.45 6.969860691883982e-06 2721 1350.508826 6
-0.19999999999999996 -0.19999999999999996 -0.0019930998379150346 2728 1354.124154 7
0.7 0.7 0.005026831160464115 2737 1358.676975 9
0.25 0.25 0.007476562848859473 2750 1365.256375 13
0.45 0.45 0.01190179722037088 2758 1369.27662 8
-0.2999999999999998 -0.2999999999999998 0.008782779248167172 2775 1377.905537 17
0.45 0.45 0.013194951455685501 2781 1380.97732 6
0.45 0.45 0.01756300194112865 2787 1384.054089 6
-0.6999999999999998 -0.6999999999999998 0.010387371921717362 2807 1394.141106 20
-0.5499999999999998 -0.5499999999999998 0.004783498202500189 2827 1404.242087 20
-0.19999999999999996 -0.19999999999999996 0.0027356632204751873 2834 1407.968116 7
-0.049999999999999975 -0.049999999999999975 0.002208306588270436 2839 1410.567164 5
-0.6 -0.6 -0.0038137764776122684 2852 1417.338052 13
-0.09999999999999998 -0.09999999999999998 -0.004775638712836146 2856 1419.492289 4
0.35000000000000003 0.35000000000000003 -0.0012278823257077832 2865 1424.053089 9
-0.09999999999999998 -0.09999999999999998 -0.002215603502450705 2870 1426.578334 5
0.6500000000000001 0.6500000000000001 0.004306552532573803 2878 1430.618525 8
-0.09999999999999998 -0.09999999999999998 0.003263487007248065 2883 1433.198623 5
-0.06666666666666676 -0.06666666666666676 0.0025641854705089166 2904 1443.901991 21
0.25 0.25 0.0050385436158038276 2909 1446.520986 5
0.45 0.45 0.00948815817964579 2916 1450.1044 7
0.5 0.5 0.014393276597849333 2921 1452.666545 5
0.25 0.25 0.01674934383187084 2925 1454.70609 4
-0.09999999999999998 -0.09999999999999998 0.015581850393552131 2929 1456.749623 4
0.25 0.25 0.017926031889616608 2934 1459.315759 5
0.05000000000000006 0.05000000000000006 0.01824677157072044 2944 1464.421102 10
-0.7 -0.7 0.011064303855013238 2963 1474.177003 19
0.25 0.25 0.013453660816463106 2967 1476.253449 4
0.45 0.45 0.017819124208298474 2973 1479.307279 6
0.6500000000000001 0.6500000000000001 0.024140932966215493 2981 1483.565888 8
0.25 0.25 0.026399523636553335 2985 1485.674248 4
0.15000000000000002 0.15000000000000002 0.027635528400187803 2992 1489.244696 7
-0.049999999999999975 -0.049999999999999975 0.026859173116185922 3001 1493.834418 9
5.551115123125783e-17 5.551115123125783e-17 0.026590581385024063 3013 1499.957041 12
0.10000000000000003 0.10000000000000003 0.027324675571173823 3021 1504.057583 8
-0.09999999999999998 -0.09999999999999998 0.026051428815462085 3025 1506.743399 4
-0.24999999999999994 -0.24999999999999994 0.023290914527307464 3041 1515.024247 16
0.05000000000000006 0.05000000000000006 0.02355800538203439 3052 1520.647204 11
0.5 0.5 0.028322425328214048 3057 1523.210348 5
0.15000000000000002 0.15000000000000002 0.02953920107493191 3063 1526.30108 6
0.25 0.25 0.03174380906418259 3067 1528.419413 4
0.8166666666666668 0.8166666666666668 0.03959303764020743 3080 1535.200273 13
0.25 0.25 0.041697107263805364 3086 1538.291006 6
-0.049999999999999975 -0.049999999999999975 0.040780136191167306 3091 1540.891051 5
-0.3999999999999999 -0.3999999999999999 0.036372334829255636 3108 1549.879007 17
0.45 0.45 0.040508611480963075 3114 1553.067477 6
-1.3666666666666667 -1.3666666666666667 0.026436858699486775 3129 1560.697068 15
0.45 0.45 0.03067249011249191 3135 1563.779822 6
0.15000000000000002 0.15000000000000002 0.03186576521136699 3141 1566.850607 6
0.25 0.25 0.034047107559253324 3146 1569.384827 5
-0.049999999999999975 -0.049999999999999975 0.03320663648366079 3151 1571.940989 5
0.25 0.25 0.03537457011882418 3155 1573.983526 4
-0.5499999999999998 -0.5499999999999998 0.02952082441763594 3171 1582.238443 16
-0.14999999999999997 -0.14999999999999997 0.02772561617345958 3181 1587.396645 10
0.25 0.25 0.029948360011724986 3185 1589.487052 4
-0.39999999999999997 -0.39999999999999997 0.025648876411607735 3191 1592.563822 6
0.25 0.25 0.027892387647491655 3195 1594.65423 4
-0.3999999999999999 -0.3999999999999999 0.023613463771016738 3211 1602.995915 16
-0.29999999999999993 -0.29999999999999993 0.02037732913330657 3223 1609.212287 12
-0.7999999999999999 -0.7999999999999999 0.012173555841973504 3237 1616.586559 14
0.18333333333333335 0.18333333333333335 0.013885153616887101 3262 1629.349417 25
0.25 0.25 0.01624630208071823 3266 1631.439825 4
-0.35 -0.35 0.012583839059911048 3273 1635.00828 7
-0.44999999999999996 -0.44999999999999996 0.007958000669311939 3284 1640.932432 11
-0.049999999999999975 -0.049999999999999975 0.00737842066261882 3289 1643.519512 5
0.25 0.25 0.009804636455992633 3293 1645.595957 4
0.10000000000000003 0.10000000000000003 0.010706590091432707 3299 1648.713617 6
0.15000000000000008 0.15000000000000008 0.012099524190518381 3316 1657.477173 17
0.15000000000000002 0.15000000000000002 0.013478528948613197 3323 1661.048619 7
0.15000000000000002 0.15000000000000002 0.014843743659127065 3332 1665.699178 9
-0.29999999999999993 -0.29999999999999993 0.011695306222535794 3354 1676.950083 22
0.2 0.2 0.013578353160310436 3359 1679.588025 5
0.03333333333333344 0.03333333333333344 0.013775902962040667 3380 1690.43501 21
-0.033333333333333326 -0.033333333333333326 0.013304810599086928 3390 1695.566282 10
-0.35 -0.35 0.00967176249309606 3397 1699.120774 7
-0.6499999999999999 -0.6499999999999999 0.0030750448681650996 3416 1708.880666 19
-0.7499999999999998 -0.7499999999999998 -0.004455705580516549 3434 1718.29947 18
-0.35 -0.35 -0.007911148524711382 3442 1722.394515 8
0.45 0.45 -0.003332037039464268 3448 1725.484249 6
-0.7 -0.7 -0.010298716669069626 3457 1730.18667 9
0.15000000000000002 0.15000000000000002 -0.00869572950237893 3463 1733.248484 6
0.45000000000000007 0.45000000000000007 -0.00410877220735514 3478 1740.872086 15
0.7 0.7 0.0029323155147184107 3484 1743.992737 6
0.10000000000000003 0.10000000000000003 0.003902992359571227 3493 1748.879665 9
5.551115123125783e-17 5.551115123125783e-17 0.003863962435975515 3505 1755.031209 12
0.7 0.7 0.010825322811615759 3512 1758.597668 7
-0.35 -0.35 0.007217069583499602 3519 1762.180085 7
-0.09999999999999998 -0.09999999999999998 0.006144898887664606 3523 1764.21564 4
0.25 0.25 0.00858344989878796 3527 1766.273136 4
0.15000000000000002 0.15000000000000002 0.00999761539980008 3534 1769.863532 7
0.45000000000000007 0.45000000000000007 0.014397639245802079 3551 1778.598166 17
0.10000000000000003 0.10000000000000003 0.015253662853344058 3564 1785.226435 13
-0.14999999999999997 -0.14999999999999997 0.013601126224810618 3574 1790.382641 10
0.25 0.25 0.01596511496256251 3580 1793.472376 6
0.45000000000000007 0.45000000000000007 0.020305463812936887 3589 1798.064093 9
-1.45 -1.45 0.005602409174807518 3610 1809.069653 21
0.25 0.25 0.008046385083059443 3614 1811.191975 4
-1.05 -1.05 -0.0025340787677711526 3636 1822.597465 22
0.10000000000000003 0.10000000000000003 -0.0015087379800934404 3642 1825.670245 6
-0.08333333333333331 -0.08333333333333331 -0.0023269839336258393 3653 1831.389944 11
0.5333333333333334 0.5333333333333334 0.003029619239043754 3669 1839.568067 16
-0.04999999999999992 -0.04999999999999992 0.002499323046653317 3684 1847.248521 15
-0.24999999999999994 -0.24999999999999994 -2.5670183813215723e-05 3697 1854.014421 13
0.25 0.25 0.0024745865180249163 3705 1858.154347 8
-0.049999999999999975 -0.049999999999999975 0.0019498406528446674 3709 1860.193892 4
-0.049999999999999975 -0.049999999999999975 0.001430342246316221 3715 1863.254702 6
0.25 0.25 0.003916038823853059 3719 1865.288263 4
0.7999999999999999 0.7999999999999999 0.011876878435614528 3737 1874.489649 18
-0.14999999999999997 -0.14999999999999997 0.010258109651258382 3747 1879.806427 10
0.45 0.45 0.014655528554745799 3753 1882.85527 6
0.25 0.25 0.01700897326919834 3757 1884.897806 4
0.0833333333333335 0.0833333333333335 0.01767221686983969 3776 1894.643735 19
-0.09999999999999998 -0.09999999999999998 0.016495494701141294 3791 1902.715649 15
-0.49999999999999994 -0.49999999999999994 0.011330539754129882 3800 1907.333297 9
-0.39999999999999986 -0.39999999999999986 0.0072172343565885845 3814 1914.611825 14
0.05000000000000006 0.05000000000000006 0.0076450620130226995 3826 1920.843157 12
0.15000000000000002 0.15000000000000002 0.009068611392892473 3833 1924.41959 7
0.25 0.25 0.011477925278963548 3838 1926.999688 5
-0.35 -0.35 0.007863146026173913 3845 1930.568142 7
-0.4333333333333333 -0.4333333333333333 0.003451181232578841 3863 1940.115602 18
0.35000000000000003 0.35000000000000003 0.006916669420253053 3873 1946.488554 10
-0.09999999999999998 -0.09999999999999998 0.005847502726050523 3877 1948.592924 4
0.10000000000000003 0.10000000000000003 0.0067890276987900185 3884 1952.219224 7
-0.049999999999999975 -0.049999999999999975 0.006221137421802118 3889 1954.780372 5
0.15000000000000002 0.15000000000000002 0.007658926047584097 3898 1959.444894 9
0.15000000000000008 0.15000000000000008 0.009082336787108257 3916 1968.618356 18
0.6500000000000001 0.6500000000000001 0.015491513419237175 3924 1972.712403 8
0.36666666666666664 0.36666666666666664 0.01900326495171147 3932 1976.952061 8
0.7 0.7 0.025813232302194355 3940 1981.10595 8
-0.49999999999999994 -0.49999999999999994 0.02055509997917241 3951 1986.742873 11
-0.049999999999999975 -0.049999999999999975 0.019849548979380686 3956 1989.29604 5
0.05000000000000006 0.05000000000000006 0.02015105348958688 3970 1996.452895 14
0.15000000000000002 0.15000000000000002 0.021449542954691012 3980 2001.573198 10
-0.44999999999999996 -0.44999999999999996 0.0167350475251441 3991 2007.259986 11
0.10000000000000003 0.10000000000000003 0.01756769704989266 3997 2010.490344 6
0.05000000000000006 0.05000000000000006 0.017892020079393733 4008 2016.195083 11
-0.6999999999999998 -0.6999999999999998 0.010713099878599797 4027 2025.876186 19
-0.09999999999999998 -0.09999999999999998 0.0096059688798138 4032 2028.453292 5
0.15000000000000002 0.15000000000000002 0.011009909191015662 4041 2033.060966 9
0.25 0.25 0.013399810099105505 4045 2035.109486 4
-0.049999999999999975 -0.049999999999999975 0.012765811998114449 4049 2037.21585 4
-1.0 -1.0 0.0026381538781333046 4060 2042.987411 11
-0.35 -0.35 -0.0008882276606480282 4067 2046.616704 7
-0.95 -0.95 -0.010379345384041547 4078 2052.264595 11
-0.49999999999999994 -0.49999999999999994 -0.01527555193020113 4088 2057.377916 10
-0.35 -0.35 -0.018622796410899117 4095 2060.946371 7
0.25 0.25 -0.015936568446790127 4099 2063.001872 4
0.25 0.25 -0.013277202762322226 4106 2066.642134 7
-0.049999999999999975 -0.049999999999999975 -0.013644430734699004 4115 2071.282719 9
0.25 0.25 -0.011007986427352014 4119 2073.474855 4
0.8333333333333335 0.8333333333333335 -0.002564573229745159 4140 2084.734734 21
-0.6 -0.6 -0.008538927497447708 4154 2092.002293 14
0.25 0.25 -0.00595353822247323 4158 2094.10068 4
0.25 0.25 -0.003394002840248498 4163 2096.678787 5
0.55 0.55 0.0021399371881539874 4170 2100.314058 7
0.6499999999999999 0.6499999999999999 0.008618537816272446 4187 2109.149424 17
0.9666666666666668 0.9666666666666668 0.018199019104776393 4198 2114.85516 11
0.3500000000000001 0.3500000000000001 0.021517028913728628 4207 2119.514695 9
-0.09999999999999998 -0.09999999999999998 0.02030185862459134 4211 2121.558229 4
0.45 0.45 0.024598840038345428 4217 2124.644971 6
0.10000000000000003 0.10000000000000003 0.025352851637961974 4224 2128.291217 7
0.7 0.7 0.032099323121582354 4231 2131.917516 7
0.25 0.25 0.034278329890366534 4235 2133.983989 4
-0.14999999999999997 -0.14999999999999997 0.03243554659146287 4244 2138.611609 9
0.25 0.25 0.03461119112554824 4249 2141.258532 5
0.6500000000000001 0.6500000000000001 0.04076507921429275 4257 2145.47525 8
-0.29999999999999993 -0.29999999999999993 0.03735742842214983 4271 2152.686957 14
0.25 0.25 0.03948385413792833 4275 2154.767394 4
-0.09999999999999998 -0.09999999999999998 0.03808901559654904 4280 2157.324552 5
0.25 0.25 0.04020812544058355 4284 2159.372074 4
0.15000000000000002 0.15000000000000002 0.04130604418617772 4292 2163.527956 8
0.25 0.25 0.043392983744315945 4297 2166.142961 5
-0.049999999999999975 -0.049999999999999975 0.04245905390687278 4302 2168.720068 5
0.45 0.45 0.04653446336780405 4308 2171.822768 6
0.25 0.25 0.04856911873412601 4312 2173.906194 4
0.25 0.25 0.05058342754678475 4316 2176.012559 4
0.25 0.25 0.052577593271316905 4320 2178.138873 4
0.35000000000000003 0.35000000000000003 0.05555181733860374 4330 2183.280118 10
-1.7333333333333334 -1.7333333333333334 0.03766296583188436 4353 2195.15236 23
-1.7 -1.7 0.02028633617356551 4371 2204.651456 18
-0.44999999999999996 -0.44999999999999996 0.015583472811829854 4391 2215.873437 20
-0.049999999999999975 -0.049999999999999975 0.014927638083711555 4396 2218.44057 5
0.35000000000000003 0.35000000000000003 0.01827836170287444 4406 2223.636669 10
0.10000000000000003 0.10000000000000003 0.019095578085845697 4412 2226.74735 6
0.10000000000000003 0.10000000000000003 0.01990462230498724 4418 2229.864011 6
0.4 0.4 0.02370557608193737 4437 2239.674767 19
0.49999999999999994 0.49999999999999994 0.028468520321117997 4447 2244.903778 10
-0.19999999999999996 -0.19999999999999996 0.02618383511790682 4455 2249.016776 8
-0.1999999999999999 -0.1999999999999999 0.02392199676672775 4473 2258.361777 18
-0.19999999999999996 -0.19999999999999996 0.021682776799060475 4482 2262.996379 9
0.25 0.25 0.02396594903106987 4486 2265.057865 4
-0.09999999999999998 -0.09999999999999998 0.02272628954075917 4490 2267.113367 4
-0.44999999999999996 -0.44999999999999996 0.01799902664535158 4501 2272.935803 11
0.2 0.2 0.019819036378898064 4506 2275.622604 5
-0.28333333333333327 -0.28333333333333327 0.016787512681775748 4517 2281.396159 11
-0.14999999999999997 -0.14999999999999997 0.01511963755495799 4527 2286.690994 10
-0.049999999999999975 -0.049999999999999975 0.014468441179408409 4531 2288.851216 4
-0.44999999999999996 -0.44999999999999996 0.009823756767614326 4543 2295.213197 12
0.15000000000000002 0.15000000000000002 0.011225519199938182 4551 2299.342152 8
-0.19999999999999996 -0.19999999999999996 0.0091132640079388 4560 2303.987725 9
0.35000000000000003 0.35000000000000003 0.012522131367859412 4570 2309.337414 10
0.25 0.25 0.014896910054180819 4574 2311.409869 4
-0.39999999999999997 -0.39999999999999997 0.01074794095363901 4580 2314.504591 6
-0.5999999999999999 -0.5999999999999999 0.004640461544102623 4610 2329.932321 30
0.25 0.25 0.007094056928661597 4614 2332.016745 4
-0.3666666666666667 -0.3666666666666667 0.0033564496927083135 4629 2339.875734 15
-0.18333333333333335 -0.18333333333333335 0.001489551862447897 4638 2344.619033 9
0.25 0.25 0.003974656343823418 4642 2346.940821 4
0.25 0.25 0.006434909780385184 4646 2349.126974 4
0.25 0.25 0.008870560682581333 4650 2351.272235 4
-0.09999999999999998 -0.09999999999999998 0.00778185507575552 4655 2353.922146 5
0.25 0.25 0.010204036524997965 4659 2355.982634 4
0.25 0.25 0.012601996159747986 4663 2358.063069 4
0.35000000000000003 0.35000000000000003 0.015975976198150506 4673 2363.273132 10
-0.6333333333333333 -0.6333333333333333 0.009482883102835668 4695 2374.854153 22
-0.8499999999999999 -0.8499999999999999 0.000888054271807312 4712 2383.74038 17
0.05000000000000006 0.05000000000000006 0.0013791737290892395 4725 2390.487331 13
0.9666666666666667 0.9666666666666667 0.011032048658465014 4733 2394.645209 8
0.45 0.45 0.015421728171880365 4739 2397.758879 6
-0.19999999999999996 -0.19999999999999996 0.01326751089016156 4747 2401.936703 8
0.5 0.5 0.018134835781259944 4752 2404.623516 5
0.25 0.25 0.020453487423447343 4756 2406.77576 4
0.0 0.0 0.02024895254921287 4777 2417.734443 21
-0.09999999999999998 -0.09999999999999998 0.01904646302372074 4781 2419.863748 4
0.25 0.25 0.02135599839348353 4785 2422.028956 4
0.20000000000000007 0.20000000000000007 0.0231424384095487 4798 2428.970386 13
-1.65 -1.65 0.006411014025453212 4818 2439.331669 20
0.3500000000000001 0.3500000000000001 0.00984690388519868 4828 2444.536744 10
0.3166666666666667 0.3166666666666667 0.012915101513013361 4842 2451.777376 14
0.15000000000000002 0.15000000000000002 0.014285950497883226 4848 2454.881073 6
0.65 0.65 0.020643090992904393 4860 2461.141327 12
-0.049999999999999975 -0.049999999999999975 0.019936660082975347 4864 2463.256668 4
0.5166666666666667 0.5166666666666667 0.02490396014881226 4873 2467.956097 9
0.5333333333333333 0.5333333333333333 0.02998825388065747 4885 2474.427785 12
0.25 0.25 0.032188371341850895 4890 2477.051765 5
1.2166666666666668 1.2166666666666668 0.044033154295099054 4908 2486.451619 18
-0.5499999999999998 -0.5499999999999998 0.038092822752148064 4925 2495.281 17
-0.7499999999999999 -0.7499999999999999 0.03021189452462658 4938 2502.015983 13
0.25 0.25 0.032409775579380316 4942 2504.167229 4
0.5 0.5 0.03708567782358651 4947 2506.80218 5
0.55 0.55 0.04221482104535064 4954 2510.462389 7
0.7 0.7 0.04879267283489713 4962 2514.592341 8
0.45 0.45 0.05280474610654816 4968 2517.702023 6
0.25 0.25 0.05477669864548268 4972 2519.818362 4
0.4 0.4 0.05822893165902786 4982 2525.010472 10
1.1 1.1 0.06864664234243757 4993 2530.74214 11
0.4 0.4 0.0719601759190132 5002 2535.652005 9
-0.049999999999999975 -0.049999999999999975 0.07074057415982307 5007 2538.733761 5
0.25 0.25 0.07253316841822484 5011 2540.837134 4
-0.09999999999999998 -0.09999999999999998 0.07080783673404259 5016 2543.513974 5
0.10000000000000003 0.10000000000000003 0.07109975836670217 5022 2546.781233 6
-0.44999999999999996 -0.44999999999999996 0.06588876078303514 5034 2553.117284 12
-0.24999999999999983 -0.24999999999999983 0.06272987317520479 5057 2566.157401 23
0.25 0.25 0.06460257444345274 5065 2571.309618 8
0.7 0.7 0.07095654869901821 5072 2575.343826 7
-0.09999999999999998 -0.09999999999999998 0.06924698321202803 5076 2577.588821 4
0.10000000000000003 0.10000000000000003 0.06955451337990776 5082 2580.908939 6
0.25 0.25 0.07135896824610868 5086 2583.215769 4
0.3500000000000001 0.3500000000000001 0.0741453785636476 5096 2588.664194 10
-0.35 -0.35 0.06990392477801112 5114 2598.064048 18
0.55 0.55 0.07470488553023101 5121 2601.800054 7
0.45 0.45 0.0784578366749287 5127 2605.184998 6
0.25 0.25 0.08017325830817941 5131 2607.392094 4
0.15000000000000002 0.15000000000000002 0.08087152572509762 5140 2612.144382 9
0.25 0.25 0.08256281046784665 5144 2614.242768 4
0.25 0.25 0.08423718236316818 5148 2616.37307 4
0.15000000000000002 0.15000000000000002 0.0848948105395365 5156 2620.526958 8
0.6500000000000001 0.6500000000000001 0.09054586243414114 5168 2626.724379 12
0.45 0.45 0.09414040380979974 5174 2629.847026 6
0.5000000000000001 0.5000000000000001 0.09819899977170174 5195 2640.943342 21
-0.5499999999999998 -0.5499999999999998 0.09171700977398473 5215 2651.337537 20
0.5666666666666667 0.5666666666666667 0.09646650634291154 5222 2654.964834 7
0.2 0.2 0.09750184127948243 5226 2657.094138 4
-0.19999999999999996 -0.19999999999999996 0.09452682286668761 5234 2661.20913 8
0.75 0.75 0.10108155463802074 5248 2668.804811 14
0.45 0.45 0.10457073909164054 5254 2672.057111 6
0.6500000000000001 0.6500000000000001 0.11002503170072414 5264 2677.320032 10
0.3500000000000001 0.3500000000000001 0.1124247813837169 5272 2681.58961 8
-0.049999999999999975 -0.049999999999999975 0.11080053356987973 5276 2683.80668 4
-0.35 -0.35 0.10619252823418093 5283 2687.571609 7
0.5 0.5 0.11013060295183913 5288 2690.27737 5
-0.09999999999999998 -0.09999999999999998 0.10802929692232073 5292 2692.482472 4
0.5 0.5 0.11194900395309752 5297 2695.21217 5
-0.3666666666666664 -0.3666666666666664 0.10716284724689988 5323 2709.001283 26
0.35000000000000003 0.35000000000000003 0.10959121877443088 5333 2714.248256 10
0.25 0.25 0.11099530658668658 5337 2716.36259 4
0.3500000000000001 0.3500000000000001 0.11338535352081971 5347 2721.657426 10
0.45 0.45 0.11675149998561152 5355 2725.876141 8
-0.5666666666666664 -0.5666666666666664 0.10991731831908873 5379 2738.953158 24
-0.7 -0.7 0.10181814513589785 5397 2748.460726 18
-0.5333333333333332 -0.5333333333333332 0.09546663035120553 5413 2756.860256 16
-0.04999999999999992 -0.04999999999999992 0.09401196404769348 5429 2765.192965 16
0.15000000000000002 0.15000000000000002 0.09457184440721654 5438 2769.894389 9
0.25 0.25 0.09612612596314438 5442 2772.00973 4
-0.2999999999999999 -0.2999999999999999 0.09216486470351293 5456 2779.312196 14
0.25 0.25 0.0937432160564778 5460 2781.404598 4
-0.09999999999999998 -0.09999999999999998 0.09180578389591301 5465 2784.06548 5
-0.049999999999999975 -0.049999999999999975 0.09038772605695389 5470 2786.757279 5
0.25 0.25 0.09198384879638435 5475 2789.401206 5
-0.09999999999999998 -0.09999999999999998 0.09006401030842051 5479 2791.503583 4
-0.09999999999999998 -0.09999999999999998 0.08816337020533631 5483 2793.634881 4
0.25 0.25 0.08978173650328294 5488 2796.244899 5
-0.8999999999999999 -0.8999999999999999 0.07988391913825012 5504 2804.856861 16
-0.09999999999999998 -0.09999999999999998 0.07808507994686761 5517 2811.615781 13
0.25 0.25 0.07980422914739894 5521 2813.699207 4
-0.19999999999999996 -0.19999999999999996 0.07700618685592495 5529 2817.918919 8
0.3500000000000001 0.3500000000000001 0.0797361249873657 5538 2822.604385 9
0.25 0.25 0.08143876373749204 5543 2825.235347 5
1.4833333333333336 1.4833333333333336 0.09545770943345046 5567 2837.868552 24
-0.95 -0.95 0.08500313233911595 5579 2844.155734 12
0.45 0.45 0.0886531010157248 5585 2847.357169 6
-0.049999999999999975 -0.049999999999999975 0.08726657000556755 5590 2849.939262 5
0.45 0.45 0.09089390430551188 5596 2853.047946 6
0.2 0.2 0.09198496526245675 5600 2855.182238 4
-0.09999999999999998 -0.09999999999999998 0.09006511560983219 5604 2857.261675 4
-0.7999999999999999 -0.7999999999999999 0.08116446445373388 5617 2863.996658 13
0.10000000000000003 0.10000000000000003 0.08135281980919654 5624 2867.847356 7
-0.24999999999999994 -0.24999999999999994 0.07803929161110457 5638 2875.093972 14
0.25 0.25 0.07975889869499352 5642 2877.168423 4
0.3500000000000001 0.3500000000000001 0.08246130970804358 5656 2885.663205 14
-0.5499999999999998 -0.5499999999999998 0.07613669661096314 5672 2893.805424 16
-0.5499999999999998 -0.5499999999999998 0.06987532964485352 5687 2901.483882 15
-0.8499999999999999 -0.8499999999999999 0.060676576348404974 5704 2910.287334 17
0.25 0.25 0.06256981058492092 5708 2912.380733 4
0.25 0.25 0.06444411247907171 5716 2916.486749 8
-0.049999999999999975 -0.049999999999999975 0.063299671354281 5721 2919.029946 5
0.10000000000000003 0.10000000000000003 0.06366667464073819 5729 2923.138954 8
0.25 0.25 0.0655300078943308 5733 2925.190466 4
0.45 0.45 0.0693747078153875 5739 2928.342035 6
-0.39999999999999997 -0.39999999999999997 0.06468096073723362 5745 2931.578378 6
0.10000000000000003 0.10000000000000003 0.06503415112986129 5754 2936.323684 9
-0.7499999999999998 -0.7499999999999998 0.056883809618562674 5778 2948.561945 24
-0.6499999999999999 -0.6499999999999999 0.04981497152237705 5787 2953.158649 9
0.35 0.35 0.052816821807153275 5794 2956.721119 7
0.15000000000000002 0.15000000000000002 0.05378865358908174 5801 2960.301541 7
0.25 0.25 0.055750767053190924 5805 2962.345075 4
0.10000000000000003 0.10000000000000003 0.05619325938265902 5811 2965.414863 6
0.26666666666666666 0.26666666666666666 0.05829799345549909 5823 2971.622257 12
0.45 0.45 0.06221501352094409 5830 2975.211656 7
-0.29999999999999993 -0.29999999999999993 0.05859286338573465 5844 2982.331609 14
0.5 0.5 0.0630069347518773 5855 2987.933624 11
0.55 0.55 0.06787686540435853 5867 2994.167946 12
0.25 0.25 0.06969809675031495 5871 2996.318194 4
-0.6999999999999998 -0.6999999999999998 0.062001115782811804 5890 3006.165851 19
-0.049999999999999975 -0.049999999999999975 0.06088110462498369 5895 3008.731986 5
0.5 0.5 0.06527229357873385 5900 3011.284159 5
0.25 0.25 0.0671195706429465 5904 3013.32869 4
0.25 0.25 0.06894837493651704 5908 3015.376213 4
0.25 0.25 0.07075889118715187 5912 3017.420743 4
0.25 0.25 0.07255130227528035 5917 3019.967929 5
0.45 0.45 0.07632578925252755 5923 3025.966439 6
0.7 0.7 0.08256253136000227 5929 3029.163885 6
0.45 0.45 0.08623690604640226 5935 3032.349089 6
0.25 0.25 0.08787453698593824 5939 3187.211318 4
0.15000000000000008 0.15000000000000008 0.08849579161607886 5959 3198.272799 20
-0.1833333333333333 -0.1833333333333333 0.08577750036658473 5981 3209.35533 22
0.45 0.45 0.08941972536291888 5987 3212.430949 6
-0.29999999999999993 -0.29999999999999993 0.08552552810928969 5998 3218.728283 11
0.45 0.45 0.0891702728281968 6005 3222.427341 7
0.05000000000000006 0.05000000000000006 0.08877857009991483 6017 3228.471263 12
-0.34999999999999987 -0.34999999999999987 0.08439078439891567 6034 3237.099732 17
0.6500000000000001 0.6500000000000001 0.09004687655492652 6042 3241.13434 8
0.25 0.25 0.09164640778937726 6047 3243.654972 5
0.5 0.5 0.0957299437114835 6052 3246.231529 5
-0.09999999999999987 -0.09999999999999987 0.09377264427436866 6066 3253.485833 14
0.15000000000000002 0.15000000000000002 0.09433491783162497 6074 3257.680229 8
0.7 0.7 0.10039156865330873 6081 3261.247462 7
0.35000000000000003 0.35000000000000003 0.10288765296677564 6091 3266.248778 10
-0.09999999999999998 -0.09999999999999998 0.10085877643710789 6095 3268.310023 4
0.25 0.25 0.1023501886727368 6100 3270.850628 5
0.45 0.45 0.10582668678600944 6106 3273.850618 6
-0.5499999999999998 -0.5499999999999998 0.09926841991814936 6122 3281.907851 16
-0.5999999999999999 -0.5999999999999999 0.09227573571896786 6137 3289.817281 15
0.25 0.25 0.09385297836177818 6141 3291.838581 4
0.25 0.25 0.0954144485781604 6145 3293.827921 4
0.25 0.25 0.0969603040923788 6149 3295.846636 4
0.55 0.55 0.10149070105145501 6156 3299.349955 7
5.551115123125783e-17 5.551115123125783e-17 0.10047579404094045 6166 3304.41918 10
0.13333333333333325 0.13333333333333325 0.10080436943386438 6181 3312.300648 15
0.95 0.95 0.10929632573952573 6187 3316.055628 6
-0.35 -0.35 0.10470336248213047 6194 3319.930451 7
-0.49999999999999994 -0.49999999999999994 0.09865632885730916 6203 3325.067585 9
0.2 0.2 0.09966976556873607 6207 3327.624169 4
0.25 0.25 0.10117306791304871 6211 3330.216706 4
-1.6 -1.6 0.08416133723391822 6225 3338.869143 14
0.11666666666666686 0.11666666666666686 0.0844863905282457 6250 3353.010244 25
-0.6499999999999999 -0.6499999999999999 0.07714152662296325 6261 3359.046177 11
-0.5666666666666665 -0.5666666666666665 0.07070344469006695 6285 3372.124699 24
-0.09999999999999998 -0.09999999999999998 0.06899641024316629 6289 3374.409645 4
0.15000000000000002 0.15000000000000002 0.06980644614073463 6297 3379.203238 8
-0.049999999999999975 -0.049999999999999975 0.06860838167932728 6303 3382.838381 6
-0.14999999999999997 -0.14999999999999997 0.06642229786253401 6312 3388.650614 9
-1.1666666666666665 -1.1666666666666665 0.054091408217242 6330 3399.576015 18
0.45 0.45 0.05805049413506959 6336 3403.04338 6
0.11666666666666671 0.11666666666666671 0.058636655860385564 6349 3410.241759 13
-0.5833333333333333 -0.5833333333333333 0.05221695596844837 6362 3417.132551 13
0.45 0.45 0.056194786408763894 6368 3420.172488 6
-0.049999999999999975 -0.049999999999999975 0.05513283854467625 6374 3423.324278 6
-0.14999999999999997 -0.14999999999999997 0.05308151015922949 6383 3428.010014 9
-0.14999999999999997 -0.14999999999999997 0.051050695057637194 6395 3434.006002 12
0.25 0.25 0.05304018810706082 6399 3436.043279 4
-0.14999999999999997 -0.14999999999999997 0.05100978622599021 6408 3440.721027 9
-0.5999999999999999 -0.5999999999999999 0.044499688363730305 6424 3448.962016 16
2.7755575615628914e-17 2.7755575615628914e-17 0.044054691480093 6433 3453.719656 9
-0.29999999999999993 -0.29999999999999993 0.04061414456529207 6446 3460.462645 13
0.5 0.5 0.04520800311963914 6451 3463.059175 5
0.45 0.45 0.049255923088442746 6458 3466.642386 7
0.55 0.55 0.05426336385755832 6466 3470.700962 8
0.25 0.25 0.05622073021898274 6470 3472.734245 4
0.25 0.25 0.05815852291679291 6474 3474.823454 4
5.551115123125783e-17 5.551115123125783e-17 0.05757693768762498 6484 3480.01252 10
-0.08333333333333326 -0.08333333333333326 0.0561678349774154 6498 3487.266824 14
0.25 0.25 0.058106156627641244 6502 3489.348042 4
-0.09999999999999998 -0.09999999999999998 0.05652509506136483 6506 3491.413284 4
0.25 0.25 0.05845984411075118 6511 3494.009813 5
-0.09999999999999998 -0.09999999999999998 0.05687524566964367 6515 3496.087037 4
-0.09999999999999998 -0.09999999999999998 0.055306493212947234 6519 3498.11233 4
0.25 0.25 0.05725342828081777 6524 3500.720844 5
-0.14999999999999997 -0.14999999999999997 0.055180893998009586 6537 3507.383939 13
0.10000000000000009 0.10000000000000009 0.05562908505802949 6555 3516.555683 18
0.15000000000000002 0.15000000000000002 0.0565727942074492 6564 3521.277372 9
0.35000000000000003 0.35000000000000003 0.05950706626537471 6574 3526.326625 10
-0.35 -0.35 0.05541199560272096 6581 3529.921822 7
0.25 0.25 0.05735787564669376 6585 3531.975078 4
-0.14999999999999997 -0.14999999999999997 0.05528429689022682 6595 3537.008351 10
-0.39999999999999997 -0.39999999999999997 0.050731453921324554 6601 3540.02432 6
0.25 0.25 0.05272413938211131 6606 3542.56892 5
0.6500000000000001 0.6500000000000001 0.0586968979882902 6614 3546.675432 8
0.1833333333333334 0.1833333333333334 0.059943262341740626 6633 3556.254629 19
-0.7499999999999999 -0.7499999999999999 0.05184382971832322 6646 3562.817865 13
0.45 0.45 0.055825391421139986 6652 3565.841819 6
-0.35 -0.35 0.05176713750692859 6663 3571.51823 11
0.25 0.25 0.053749466131859304 6667 3573.619423 4
0.25 0.25 0.05571197147054071 6671 3575.660695 4
-0.29999999999999993 -0.29999999999999993 0.0521548517558353 6685 3582.80315 14
0.25 0.25 0.05413330323827695 6689 3584.98823 4
0.5 0.5 0.05859197020589418 6694 3587.664654 5
-0.09999999999999998 -0.09999999999999998 0.05700605050383523 6698 3589.70992 4
0.15000000000000002 0.15000000000000002 0.05793598999879688 6705 3593.313105 7
0.05000000000000006 0.05000000000000006 0.05785663009880891 6718 3599.879125 13
0.15000000000000002 0.15000000000000002 0.05877806379782082 6725 3603.43837 7
0.7833333333333334 0.7833333333333334 0.06602361649317595 6735 3608.527568 10
-3.033333333333333 -3.033333333333333 0.03503004699491086 6765 3623.635378 30
-1.7000000000000002 -1.7000000000000002 0.017679746524961744 6794 3638.455571 29
-1.95 -1.95 -0.001997050940287872 6819 3651.689886 25
-0.09999999999999998 -0.09999999999999998 -0.0029770804308849935 6823 3653.783088 4
-0.8999999999999999 -0.8999999999999999 -0.011947309626576143 6840 3662.347646 17
-0.19999999999999996 -0.19999999999999996 -0.013827836530310382 6848 3666.494103 8
-0.7 -0.7 -0.020689558165007275 6867 3676.165177 19
-0.39999999999999997 -0.39999999999999997 -0.0244826625833572 6873 3679.193131 6
0.2 0.2 -0.022237835957523627 6879 3682.269022 6
5.551115123125783e-17 5.551115123125783e-17 -0.02201545759794839 6891 3688.40482 12
1.0833333333333333 1.0833333333333333 -0.010961969688635576 6909 3697.508655 18
-0.19999999999999996 -0.19999999999999996 -0.01285234999174922 6917 3701.615166 8
-0.7 -0.7 -0.019723826491831728 6937 3711.657746 20
-0.049999999999999975 -0.049999999999999975 -0.02002658822691341 6942 3714.294223 5
0.25 0.25 -0.017326322344644277 6946 3716.395414 4
-0.09999999999999998 -0.09999999999999998 -0.018153059121197836 6951 3719.047869 5
0.25 0.25 -0.015471528529985857 6955 3721.085147 4
-0.44999999999999996 -0.44999999999999996 -0.019816813244686 6967 3727.184995 12
0.25 0.25 -0.01711864511223914 6971 3729.198304 4
-0.049999999999999975 -0.049999999999999975 -0.017447458661116747 6976 3731.714941 5
0.25 0.25 -0.01477298407450558 6981 3734.223589 5
0.25 0.25 -0.012125254233760523 6985 3736.236899 4
0.06666666666666667 0.06666666666666667 -0.011337335024756251 6998 3742.824095 13
-0.14999999999999997 -0.14999999999999997 -0.012723961674508689 7009 3748.384663 11
0.45 0.45 -0.008096722057763602 7017 3752.3993 8
0.25 0.25 -0.005515754837185966 7022 3754.967866 5
-0.14999999999999997 -0.14999999999999997 -0.006960597288814106 7031 3759.549744 9
0.05000000000000006 0.05000000000000006 -0.006390991315925965 7041 3764.686877 10
-0.16666666666666663 -0.16666666666666663 -0.00799374806943337 7053 3770.746779 12
0.08333333333333333 0.08333333333333333 -0.0070804772554057035 7066 3777.290035 13
-0.09999999999999998 -0.09999999999999998 -0.008009672482851646 7070 3779.351281 4
-0.19999999999999996 -0.19999999999999996 -0.00992957575802313 7079 3784.240746 9
-0.34999999999999987 -0.34999999999999987 -0.013330280000442896 7096 3792.989055 17
0.25 0.25 -0.010696977200438466 7100 3795.066279 4
-0.3999999999999999 -0.3999999999999999 -0.014590007428434082 7116 3803.167453 16
-0.09999999999999987 -0.09999999999999987 -0.01544410735414974 7132 3811.296591 16
0.6500000000000001 0.6500000000000001 -0.00878966628060824 7145 3817.815877 13
0.15000000000000002 0.15000000000000002 -0.007201769617802156 7152 3821.371125 7
0.25 0.25 -0.004629751921624134 7156 3823.404408 4
-0.19999999999999996 -0.19999999999999996 -0.0065834544024078925 7170 3830.478953 14
-0.35 -0.35 -0.010017619858383814 7176 3833.5868 6
-0.09999999999999998 -0.09999999999999998 -0.010917443659799974 7180 3835.632067 4
-0.34999999999999987 -0.34999999999999987 -0.014308269223201973 7198 3844.751879 18
-0.14999999999999997 -0.14999999999999997 -0.015665186530969953 7207 3849.701266 9
0.15000000000000002 0.15000000000000002 -0.014008534665660254 7214 3853.240535 7
0.3500000000000001 0.3500000000000001 -0.01036844931900365 7222 3857.339059 8
0.25 0.25 -0.007764764825813612 7226 3859.468213 4
-0.09999999999999998 -0.09999999999999998 -0.008687117177555475 7230 3861.781122 4
0.6000000000000001 0.6000000000000001 -0.0026002460057799196 7241 3867.445553 11
0.21666666666666662 0.21666666666666662 -0.00040757687905545407 7253 3873.601326 12
0.11666666666666664 0.11666666666666664 0.0007631655564017668 7262 3878.526749 9
0.25 0.25 0.003255533900837749 7267 3881.063353 5
0.10000000000000003 0.10000000000000003 0.004222978561829372 7273 3884.11128 6
0.6500000000000001 0.6500000000000001 0.010680748776211078 7281 3888.18983 8
0.4500000000000001 0.4500000000000001 0.01507394128844897 7291 3893.350931 10
-0.033333333333333215 -0.033333333333333215 0.01458986854223115 7318 3907.204237 27
0.25 0.25 0.01694396985680884 7322 3909.269477 4
-0.34999999999999987 -0.34999999999999987 0.01327453015824075 7343 3920.354663 21
0.25 0.25 0.01564178485665834 7347 3922.407919 4
-0.049999999999999975 -0.049999999999999975 0.014985367008091756 7352 3924.984476 5
0.15000000000000002 0.15000000000000002 0.016335513338010837 7359 3928.547715 7
-1.7000000000000002 -1.7000000000000002 -0.0008278417953692732 7388 3943.315978 29
-0.19999999999999996 -0.19999999999999996 -0.0028195633774155803 7397 3947.925817 9
0.7 0.7 0.004208632256358575 7407 3953.003033 10
-0.09999999999999998 -0.09999999999999998 0.00316654593379499 7411 3955.108218 4
-0.09999999999999998 -0.09999999999999998 0.00213488047445704 7415 3957.165472 4
5.551115123125783e-17 5.551115123125783e-17 0.00211353166971247 7425 3962.270647 10
-0.14999999999999997 -0.14999999999999997 0.0005923963530153459 7434 3966.836547 9
-1.15 -1.15 -0.010913527610514808 7454 3977.026927 20
-0.14999999999999997 -0.14999999999999997 -0.012304392334409659 7463 3981.88843 9
0.15000000000000002 0.15000000000000002 -0.010681348411065562 7471 3986.042885 8
-0.09999999999999998 -0.09999999999999998 -0.011574534926954906 7475 3988.199995 4
-0.049999999999999975 -0.049999999999999975 -0.011958789577685357 7480 3990.852451 5
0.25 0.25 -0.009339201681908504 7484 3992.937664 4
1.7833333333333334 1.7833333333333334 0.008587523668243918 7499 4000.651354 15
0.25 0.25 0.01100164843156148 7503 4002.696624 4
-0.09999999999999998 -0.09999999999999998 0.009891631947245867 7507 4004.77784 4
0.25 0.25 0.012292715627773409 7511 4006.871044 4
-0.049999999999999975 -0.049999999999999975 0.011669788471495674 7517 4009.990874 6
0.65 0.65 0.01805309058678072 7524 4013.586069 7
0.25 0.25 0.02037255968091291 7528 4015.679271 4
-0.09999999999999998 -0.09999999999999998 0.019168834084103782 7532 4017.732528 4
-0.44999999999999996 -0.44999999999999996 0.014477145743262743 7543 4023.384974 11
0.5 0.5 0.019332374285830116 7558 4031.06671 15
-0.16666666666666657 -0.16666666666666657 0.017472383876305148 7575 4039.767083 17
0.6833333333333333 0.6833333333333333 0.02413099337087543 7583 4044.029385 8
0.44999999999999996 0.44999999999999996 0.028389683437166677 7599 4052.378228 16
0.25 0.25 0.030605786602795008 7603 4054.431484 4
0.25 0.25 0.03279972873676706 7608 4057.047988 5
0.25 0.25 0.03497173144939939 7612 4059.11323 4
0.25 0.25 0.0371220141349054 7616 4061.202436 4
0.6500000000000001 0.6500000000000001 0.043250793993556344 7624 4065.308947 8
-0.39999999999999997 -0.39999999999999997 0.03881828605362078 7630 4068.368859 6
0.4 0.4 0.04243010319308457 7636 4071.448745 6
0.45 0.45 0.04650580216115373 7643 4075.051927 7
0.25 0.25 0.048540744139542194 7647 4077.165102 4
0.25 0.25 0.050555336698146776 7651 4079.238334 4
0.15000000000000002 0.15000000000000002 0.05154978333116531 7659 4083.360823 8
-0.8499999999999999 -0.8499999999999999 0.04253428549785366 7677 4092.608465 18
-0.24999999999999994 -0.24999999999999994 0.03960894264287512 7691 4099.778882 14
-0.049999999999999975 -0.049999999999999975 0.03871285321644637 7696 4102.367423 5
0.25 0.25 0.04082572468428191 7700 4104.42867 4
0.25 0.25 0.04291746743743909 7704 4106.509887 4
0.15000000000000002 0.15000000000000002 0.0439882927630647 7712 4110.892031 8
-0.09999999999999998 -0.09999999999999998 0.04254840983543405 7717 4113.608401 5
0.25 0.25 0.04462292573707971 7721 4115.705598 4
0.25 0.25 0.046676696479708915 7725 4117.878694 4
-0.09999999999999998 -0.09999999999999998 0.045209929514911824 7729 4119.959913 4
-0.7999999999999999 -0.7999999999999999 0.036757830219762706 7741 4126.139654 12
0.25 0.25 0.03889025191756508 7746 4128.700232 5
-1.3 -1.3 0.02550134939838943 7757 4134.360667 11
0.45 0.45 0.029746335904405535 7764 4137.987819 7
-0.35 -0.35 0.02594887254536148 7771 4141.622962 7
1.116666666666667 1.116666666666667 0.03685605048657453 7785 4148.889252 14
0.10000000000000003 0.10000000000000003 0.03748748998170879 7795 4154.034375 10
-0.1333333333333333 -0.1333333333333333 0.03577928174855837 7806 4159.662854 11
-0.049999999999999975 -0.049999999999999975 0.03492148893107279 7811 4162.239411 5
0.35000000000000003 0.35000000000000003 0.03807227404176206 7821 4167.384534 10
-0.09999999999999998 -0.09999999999999998 0.03669155130134444 7825 4169.473743 4
0.2 0.2 0.038324635788330993 7829 4171.530993 4
0.25 0.25 0.040441389430447686 7833 4173.680121 4
0.10000000000000003 0.10000000000000003 0.04103697553614321 7840 4177.511002 7
0.5 0.5 0.04562660578078177 7845 4180.131499 5
0.3000000000000001 0.3000000000000001 0.04817033972297396 7853 4184.238013 8
0.25 0.25 0.05018863632574422 7857 4186.275289 4
-0.049999999999999975 -0.049999999999999975 0.04918674996248677 7867 4191.408429 10
-0.7 -0.7 0.041694882462861904 7874 4195.234234 7
0.25 0.25 0.043777933638233284 7878 4197.503202 4
0.10000000000000003 0.10000000000000003 0.044340154301850954 7884 4200.910648 6
0.25 0.25 0.04639675275883245 7888 4203.179615 4
-0.09999999999999998 -0.09999999999999998 0.044932785231244124 7892 4205.396654 4
-0.14999999999999997 -0.14999999999999997 0.04298345737893168 7901 4210.066412 9
-0.44999999999999996 -0.44999999999999996 0.038053622805142365 7912 4215.754811 11
-0.26666666666666655 -0.26666666666666655 0.035006419910424275 7934 4227.047719 22
0.25 0.25 0.03715635571132003 7942 4231.194178 8
-0.049999999999999975 -0.049999999999999975 0.03628479215420683 7947 4233.814677 5
0.10000000000000003 0.10000000000000003 0.03692194423266476 7953 4236.918528 6
0.25 0.25 0.03905272479033812 7959 4240.058331 6
-0.09999999999999998 -0.09999999999999998 0.03766219754243474 7963 4242.17151 4
0.25 0.25 0.039785575567010394 7968 4244.81198 5
-0.5999999999999999 -0.5999999999999999 0.03338771981134029 7981 4251.467085 13
-0.39999999999999997 -0.39999999999999997 0.029053842613226886 7988 4255.046303 7
-0.8 -0.8 0.020763304187094617 8023 4273.130134 35
-0.049999999999999975 -0.049999999999999975 0.02005567114522367 8028 4275.730661 5
-0.2499999999999999 -0.2499999999999999 0.017355114433771433 8041 4282.385766 13
-1.0999999999999999 -1.0999999999999999 0.006181563289433721 8054 4289.156717 13
0.45000000000000007 0.45000000000000007 0.010619747656539384 8069 4296.906361 15
0.15000000000000002 0.15000000000000002 0.01201355017997399 8076 4300.449626 7
-0.49999999999999994 -0.49999999999999994 0.006893414678174252 8089 4307.276502 13
0.45 0.45 0.01132448053139251 8095 4310.492204 6
-0.09999999999999998 -0.09999999999999998 0.010211235726078585 8099 4312.581412 4
-0.049999999999999975 -0.049999999999999975 0.009609123368817798 8104 4315.145985 5
-0.049999999999999975 -0.049999999999999975 0.00901303213512962 8115 4320.698564 11
0.35000000000000003 0.35000000000000003 0.012422901813778323 8125 4325.817023 10
0.25 0.25 0.01479867279564054 8130 4328.848971 5
-0.19999999999999996 -0.19999999999999996 0.012650686067684134 8138 4333.103287 8
-0.19999999999999996 -0.19999999999999996 0.010524179207007293 8147 4337.836959 9
0.25 0.25 0.01291893741493722 8151 4339.954131 4
-0.14999999999999997 -0.14999999999999997 0.011289748040787848 8160 4344.627885 9
0.55 0.55 0.016676850560379968 8172 4350.847573 12
0.2 0.2 0.018510082054776167 8176 4352.904824 4
0.6500000000000001 0.6500000000000001 0.024824981234228407 8185 4357.522654 9
0.6500000000000001 0.6500000000000001 0.031076731421886127 8193 4361.577234 8
0.5 0.5 0.03576596410766726 8198 4364.129824 5
-0.049999999999999975 -0.049999999999999975 0.03490830446659059 8204 4367.173755 6
0.25 0.25 0.037059221421924686 8208 4369.199049 4
0.5 0.5 0.041688629207705434 8214 4372.418745 6
0.05000000000000006 0.05000000000000006 0.04177174291562838 8227 4379.221653 13
-0.19999999999999996 -0.19999999999999996 0.03935402548647209 8236 4383.899403 9
0.65 0.65 0.04546048523160737 8242 4387.007249 6
-0.09999999999999998 -0.09999999999999998 0.04400588037929129 8246 4389.104447 4
-0.8499999999999999 -0.8499999999999999 0.035065821575498375 8262 4397.305487 16
0.25 0.25 0.03721516335974339 8266 4399.462603 4
0.2 0.2 0.03884301172614596 8270 4401.571785 4
0.25 0.25 0.0409545816088845 8275 4404.17231 5
0.05000000000000006 0.05000000000000006 0.041045035792795656 8286 4409.94859 11
0.25 0.25 0.0431345854348677 8290 4412.025817 4
-1.5 -1.5 0.027703239580519026 8315 4424.872646 25
0.25 0.25 0.029926207184713834 8319 4426.977832 4
5.551115123125783e-17 5.551115123125783e-17 0.029626945112866697 8331 4433.137601 12
-1.6 -1.6 0.013330675661738029 8347 4441.526391 16
0.25 0.25 0.01569736890512065 8352 4444.190829 5
0.15000000000000002 0.15000000000000002 0.017040395216069443 8360 4448.369245 8
-0.34999999999999987 -0.34999999999999987 0.01336999126390875 8375 4456.04299 15
0.25 0.25 0.015736291351269662 8383 4460.365213 8
0.45 0.45 0.020078928437756965 8389 4463.477056 6
0.25 0.25 0.022378139153379394 8394 4466.081575 5
-0.39999999999999986 -0.39999999999999986 0.018154357761845603 8408 4473.367838 14
1.1102230246251565e-16 1.1102230246251565e-16 0.017972814184227148 8419 4479.004305 11
0.5 0.5 0.022793086042384877 8424 4481.584856 5
0.05 0.05 0.02306515518196103 8434 4486.710007 10
-0.09999999999999998 -0.09999999999999998 0.02183450363014142 8438 4488.755275 4
-0.09999999999999998 -0.09999999999999998 0.020616158593840004 8442 4490.852472 4
0.25 0.25 0.0229099970079016 8446 4492.945674 4
0.7 0.7 0.029680897037822583 8453 4496.552329 7
0.55 0.55 0.034884088067444356 8459 4499.632213 6
-0.09999999999999998 -0.09999999999999998 0.03353524718676991 8464 4502.304641 5
0.45 0.45 0.037699894714902205 8470 4505.488386 6
0.75 0.75 0.04482289576775318 8476 4508.652158 6
0.25 0.25 0.046874666810075655 8480 4510.765335 4
-0.44999999999999996 -0.44999999999999996 0.0419059201419749 8492 4516.913119 12
0.35000000000000003 0.35000000000000003 0.04498686094055516 8501 4521.606845 9
0.25 0.25 0.04703699233114961 8505 4523.688064 4
0.10000000000000003 0.10000000000000003 0.04756662240783811 8514 4528.305903 9
0.45 0.45 0.05159095618375974 8521 4531.88511 7
-0.49999999999999994 -0.49999999999999994 0.04607504662192214 8530 4536.48696 9
-2.583333333333333 -2.583333333333333 0.01978096282236959 8557 4550.296505 27
0.25 0.25 0.022083153194145895 8561 4552.353756 4
-0.5999999999999999 -0.5999999999999999 0.015862321662204436 8577 4560.518845 16
0.15000000000000002 0.15000000000000002 0.017203698445582394 8584 4564.134013 7
0.15000000000000002 0.15000000000000002 0.018531661461126572 8591 4567.76516 7
0.20000000000000007 0.20000000000000007 0.020346344846515308 8605 4575.087375 14
-1.0 -1.0 0.010142881398050153 8625 4585.497462 20
-0.8999999999999999 -0.8999999999999999 0.001041452584069652 8642 4594.265746 17
0.25 0.25 0.0035310380582289557 8646 4596.319003 4
0.25 0.25 0.005995727677646666 8650 4598.404216 4
0.15000000000000002 0.15000000000000002 0.0074357704008702 8658 4602.5307 8
-0.49999999999999994 -0.49999999999999994 0.0023614126968614993 8669 4608.163173 11
0.15000000000000002 0.15000000000000002 0.0038377985698928845 8677 4612.249711 8
0.25 0.25 0.006299420584193955 8682 4614.81828 5
-1.2666666666666666 -1.2666666666666666 -0.00643024028831465 8705 4626.658456 23
0.4 0.4 -0.0023659378854315035 8714 4631.33221 9
0.25 0.25 0.0001577214934228117 8718 4633.429407 4
-0.5999999999999999 -0.5999999999999999 -0.005843855721511415 8731 4640.268268 13
0.6500000000000001 0.6500000000000001 0.0007145828357037007 8739 4644.430706 8
0.3500000000000001 0.3500000000000001 0.004207437007346665 8749 4649.6717 10
-0.2833333333333333 -0.2833333333333333 0.0013320293039398644 8773 4661.859413 24
-0.06666666666666649 -0.06666666666666649 0.0006520423442338009 8797 4674.210908 24
0.5 0.5 0.005645521920791463 8802 4676.803443 5
0.25 0.25 0.008089066701583549 8806 4678.90064 4
0.25 0.25 0.010508176034567714 8810 4681.097703 4
-0.19999999999999996 -0.19999999999999996 0.008403094274222037 8818 4685.240168 8
0.10000000000000003 0.10000000000000003 0.009319063331479818 8824 4688.320051 6
0.25 0.25 0.01172587269816502 8828 4690.349345 4
0.25 0.25 0.01410861397118337 8832 4692.386617 4
0.25 0.25 0.016467527831471537 8836 4694.459847 4
1.1102230246251565e-16 1.1102230246251565e-16 0.016302852553156822 8851 4702.272738 15
0.25 0.25 0.018639824027625252 8855 4705.300691 4
0.25 0.25 0.020953425787349 8859 4707.421858 4
0.25 0.25 0.023243891529475508 8863 4709.543022 4
-0.14999999999999997 -0.14999999999999997 0.021511452614180755 8874 4715.299329 11
-0.49999999999999994 -0.49999999999999994 0.01629633808803895 8896 4726.512346 22
0.6500000000000001 0.6500000000000001 0.022633374707158566 8904 4730.634837 8
0.05000000000000006 0.05000000000000006 0.02290704096008698 8917 4738.096863 13
1.0 1.0 0.03267797055048611 8932 4746.56954 15
0.5 0.5 0.037351190844981244 8937 4749.325857 5
-0.6499999999999998 -0.6499999999999998 0.03047767893653143 8955 4759.336479 18
-0.55 -0.55 0.024672902147166113 8972 4768.979591 17
-0.09999999999999998 -0.09999999999999998 0.02342617312569445 8977 4771.799823 5
-0.049999999999999975 -0.049999999999999975 0.022691911394437506 8984 4775.842419 7
2.7755575615628914e-17 2.7755575615628914e-17 0.022464992280493132 8994 4781.534813 10
-1.25 -1.25 0.009740342357688201 9007 4788.869012 13
-0.09999999999999998 -0.09999999999999998 0.00864293893411132 9011 4791.098035 4
0.25 0.25 0.011056509544770207 9015 4793.30708 4
-0.8499999999999999 -0.8499999999999999 0.0024459444493225065 9035 4804.402964 20
0.10000000000000003 0.10000000000000003 0.003421485004829282 9042 4808.349689 7
0.25 0.25 0.005887270154780989 9046 4810.626648 4
0.25 0.25 0.00832839745323318 9050 4812.851674 4
0.30000000000000004 0.30000000000000004 0.011245113478700849 9062 4819.486807 12
0.25 0.25 0.01363266234391384 9069 4823.377605 7
-0.3999999999999999 -0.3999999999999999 0.009496335720474702 9096 4839.420166 27
-0.29999999999999993 -0.29999999999999993 0.0064013723632699564 9127 4857.911455 31
0.15000000000000002 0.15000000000000002 0.007837358639637257 9136 4863.272291 9
-0.049999999999999975 -0.049999999999999975 0.007258985053240885 9141 4866.272281 5
0.1166666666666667 0.1166666666666667 0.008353061869375143 9159 4877.013926 18
-0.09999999999999998 -0.09999999999999998 0.007269531250681392 9163 4879.234958 4
-0.049999999999999975 -0.049999999999999975 0.006696835938174579 9168 4881.999264 5
-0.1999999999999999 -0.1999999999999999 0.004629867578792834 9186 4892.02187 18
0.25 0.25 0.007083568903004905 9191 4894.838106 5
-0.049999999999999975 -0.049999999999999975 0.006512733213974857 9196 4897.766203 5
-0.09999999999999998 -0.09999999999999998 0.005447605881835108 9200 4900.194947 4
0.5 0.5 0.010393129823016756 9205 4903.007189 5
0.25 0.25 0.012789198524786589 9209 4905.244202 4
0.25 0.25 0.015161306539538724 9213 4907.493195 4
-1.2333333333333334 -1.2333333333333334 0.0026763601408100017 9235 4919.64096 22
0.3500000000000001 0.3500000000000001 0.006149596539401903 9245 4925.153593 10
-0.19999999999999996 -0.19999999999999996 0.004088100574007884 9253 4929.571688 8
0.15000000000000002 0.15000000000000002 0.005547219568267805 9261 4933.997774 8
-0.39999999999999997 -0.39999999999999997 0.0014917473725851267 9267 4937.33333 6
-0.6333333333333332 -0.6333333333333332 -0.004856503434474057 9294 4952.28134 27
-0.049999999999999975 -0.049999999999999975 -0.005307938400129316 9299 4955.081597 5
-0.39999999999999997 -0.39999999999999997 -0.009254859016128023 9305 4958.429124 6
0.25 0.25 -0.006662310425966742 9310 4961.293295 5
-0.39999999999999997 -0.39999999999999997 -0.010595687321707074 9316 4964.856535 6
-0.09999999999999998 -0.09999999999999998 -0.011489730448490002 9320 4967.14148 4
0.75 0.75 -0.0038748331440051024 9334 4974.939062 14
0.25 0.25 -0.0013360848125650512 9338 4977.212023 4
0.15000000000000002 0.15000000000000002 0.00017727603556059947 9344 4980.575528 6
0.15000000000000002 0.15000000000000002 0.0016755032752049938 9352 4985.033571 8
-0.6499999999999999 -0.6499999999999999 -0.004841251757547055 9361 4990.038889 9
0.45 0.45 -0.00029283923997158387 9367 4993.402386 6
0.5 0.5 0.004710089152428132 9372 4996.182671 5
0.3500000000000001 0.3500000000000001 0.008162988260903852 9380 5000.668676 8
-0.35 -0.35 0.004581358378294813 9387 5004.635374 7
0.7333333333333334 0.7333333333333334 0.011868878127845199 9398 5010.799137 11
-0.09999999999999998 -0.09999999999999998 0.010750189346566748 9403 5013.563443 5
-0.49999999999999994 -0.49999999999999994 0.005642687453101081 9413 5019.112028 10
-0.04999999999999992 -0.04999999999999992 0.005086260578570071 9428 5027.772453 15
-1.1 -1.1 -0.005964602027215631 9454 5043.091982 26
-0.09999999999999998 -0.09999999999999998 -0.006904956006943475 9458 5045.416874 4
0.5 0.5 -0.0018359064468740395 9463 5048.30901 5
-0.7999999999999999 -0.7999999999999999 -0.0098175473824053 9475 5055.247737 12
0.25 0.25 -0.007219371908581245 9479 5057.56464 4
0.25 0.25 -0.004647178189495433 9483 5059.877549 4
-0.35 -0.35 -0.008100706407600479 9490 5063.944114 7
0.8999999999999999 0.8999999999999999 0.000980300656475525 9498 5068.629853 8
-0.24999999999999994 -0.24999999999999994 -0.00152950235008923 9510 5075.548608 12
0.25 0.25 0.0009857926734116622 9515 5078.504656 5
0.10000000000000003 0.10000000000000003 0.001975934746677546 9521 5081.960038 6
0.2 0.2 0.0039561753992107705 9533 5088.898765 12
0.5 0.5 0.008916613645218664 9539 5092.426052 6
-0.049999999999999975 -0.049999999999999975 0.008327447508766477 9544 5095.519522 5
-1.4 -1.4 -0.005755826966321187 9559 5104.251853 15
0.6000000000000001 0.6000000000000001 0.00030173130334202637 9578 5115.269128 19
5.551115123125783e-17 5.551115123125783e-17 0.00029871399030860664 9588 5121.029431 10
0.25 0.25 0.0027957268504055204 9592 5123.342342 4
-0.09999999999999998 -0.09999999999999998 0.0017677695819014654 9596 5125.627294 4
0.15000000000000002 0.15000000000000002 0.003250091886082451 9605 5130.852304 9
-0.049999999999999975 -0.049999999999999975 0.0027175909672216263 9612 5134.886912 7
0.9833333333333334 0.9833333333333334 0.012523748390882744 9625 5142.448806 13
0.45 0.45 0.016898510906973918 9633 5147.082614 8
-0.24999999999999994 -0.24999999999999994 0.01422952579790418 9650 5157.009347 17
0.10000000000000003 0.10000000000000003 0.01508723053992514 9656 5160.640495 6
0.25 0.25 0.017436358234525887 9660 5163.11319 4
-0.049999999999999975 -0.049999999999999975 0.016761994652180628 9667 5167.223699 7
0.35000000000000003 0.35000000000000003 0.02009437470565882 9677 5172.987996 10
0.45 0.45 0.024393430958602233 9683 5176.487318 6
-0.049999999999999975 -0.049999999999999975 0.02364949664901621 9688 5179.435377 5
0.20000000000000012 0.20000000000000012 0.02541300168252605 9700 5186.374105 12
0.5333333333333333 0.5333333333333333 0.03049220499903412 9721 5198.713614 21
0.6500000000000001 0.6500000000000001 0.03668728294904378 9730 5203.89469 9
0.15000000000000008 0.15000000000000008 0.037820410119553345 9750 5215.371353 20
0.7166666666666667 0.7166666666666667 0.04460887268502448 9758 5220.045106 8
0.5 0.5 0.049162783958174236 9763 5222.969201 5
-0.14999999999999997 -0.14999999999999997 0.04717115611859249 9774 5229.672242 11
0.15000000000000002 0.15000000000000002 0.048199444557406566 9782 5234.306049 8
0.35000000000000003 0.35000000000000003 0.051217450111832506 9792 5240.118282 10
0.15000000000000002 0.15000000000000002 0.05220527561071418 9800 5244.76008 8
0.05000000000000006 0.05000000000000006 0.05218322285460704 9812 5251.742747 12
0.15000000000000002 0.15000000000000002 0.05316139062606097 9821 5257.007711 9
-0.9999999999999998 -0.9999999999999998 0.042629776719800366 9839 5267.489702 18
0.2 0.2 0.04420347895260236 9851 5274.36052 12
0.45 0.45 0.048261444163076345 9857 5277.819898 6
0.3500000000000001 0.3500000000000001 0.05127882972144558 9867 5283.63213 10
0.25 0.25 0.05326604142423113 9871 5285.992975 4
0.5499999999999999 0.5499999999999999 0.058233381009988816 9879 5290.698686 8
0.15000000000000002 0.15000000000000002 0.05915104719988893 9887 5295.608125 8
0.8500000000000001 0.8500000000000001 0.06705953672789004 9897 5301.320491 10
0.15000000000000002 0.15000000000000002 0.06788894136061115 9907 5307.304496 10
0.25 0.25 0.06971005194700504 9911 5309.641371 4
-1.35 -1.35 0.055512951427534984 9929 5319.955588 18
0.25000000000000006 0.25000000000000006 0.057457821913259634 9943 5328.100702 14
-0.29999999999999993 -0.29999999999999993 0.05388324369412703 9954 5334.420257 11
0.55 0.55 0.05884441125718576 9962 5339.054065 8
0.25 0.25 0.060755967144613905 9966 5341.362979 4
0.45 0.45 0.06464840747316776 9973 5345.461501 7
-0.049999999999999975 -0.049999999999999975 0.06350192339843608 9978 5348.385595 5
-0.09999999999999998 -0.09999999999999998 0.061866904164451716 9982 5350.746439 4
-0.049999999999999975 -0.049999999999999975 0.0607482351228072 9987 5353.73844 5
0.7 0.7 0.06714075277157913 9996 5359.454803 9
-0.7 -0.7 0.059469345243863346 10003 5363.597273 7
0.45 0.45 0.06337465179142471 10011 5368.406838 8
-1.1166666666666667 -1.1166666666666667 0.0515742386068438 10032 5380.794283 21
-0.09999999999999998 -0.09999999999999998 0.05005849622077536 10036 5383.195078 4
-0.14999999999999997 -0.14999999999999997 0.0480579112585676 10045 5388.464034 9
-0.09999999999999998 -0.09999999999999998 0.04657733214598192 10050 5391.40011 5
-0.04999999999999992 -0.04999999999999992 0.0456115588245221 10066 5400.67995 16
0.7166666666666668 0.7166666666666668 0.052322109902943545 10081 5409.476195 15
0.45 0.45 0.05629888880391411 10087 5413.255146 6
0.35 0.35 0.05923589991587497 10094 5417.27777 7
-0.049999999999999975 -0.049999999999999975 0.05814354091671622 10099 5419.962183 5
-0.24999999999999994 -0.24999999999999994 0.05506210550754905 10113 5427.727804 14
-0.08333333333333326 -0.08333333333333326 0.053678151119140226 10130 5437.275046 17
0.25 0.25 0.055641369607948826 10134 5439.464135 4
0.25 0.25 0.05758495591186934 10138 5441.653194 4
0.6666666666666666 0.6666666666666666 0.0636757730194173 10145 5445.424155 7
0.25 0.25 0.06553901528922314 10149 5447.581273 4
-0.049999999999999975 -0.049999999999999975 0.0643836251363309 10156 5451.468078 7
0.25 0.25 0.0662397888849676 10160 5453.62919 4
0.25 0.25 0.06807739099611791 10164 5455.858211 4
-0.049999999999999975 -0.049999999999999975 0.06689661708615673 10169 5458.430775 5
0.25 0.25 0.06872765091529516 10173 5460.519981 4
-0.39999999999999997 -0.39999999999999997 0.0640403744061422 10179 5463.651797 6
-0.16666666666666663 -0.16666666666666663 0.061733303995414116 10186 5467.306912 7
0.25 0.25 0.06361597095545997 10191 5469.955371 5
0.35000000000000003 0.35000000000000003 0.06647981124590537 10202 5475.579856 11
-0.29999999999999993 -0.29999999999999993 0.06281501313344631 10215 5482.159064 13
0.25 0.25 0.06468686300211185 10219 5484.236287 4
0.6500000000000001 0.6500000000000001 0.07053999437209074 10231 5490.583804 12
0.25 0.25 0.07233459442836984 10236 5493.196313 5
-0.049999999999999975 -0.049999999999999975 0.07111124848408615 10241 5495.76488 5
0.7 0.7 0.07740013599924528 10249 5499.919328 8
0.25 0.25 0.07912613463925283 10253 5501.96859 4
0.25 0.25 0.08083487329286031 10257 5504.08576 4
-0.049999999999999975 -0.049999999999999975 0.0795265245599317 10263 5507.217575 6
0.5 0.5 0.08373125931433238 10268 5509.790138 5
0.45 0.45 0.08739394672118907 10274 5512.889995 6
0.15000000000000008 0.15000000000000008 0.08802000725397717 10285 5518.506488 11
0.25 0.25 0.0896398071814374 10290 5521.079051 5
0.10000000000000003 0.10000000000000003 0.08974340910962302 10296 5524.190892 6
-1.3499999999999999 -1.3499999999999999 0.07534597501852679 10324 5538.6276 28
0.45 0.45 0.07909251526834152 10330 5541.74743 6
-0.09999999999999998 -0.09999999999999998 0.0773015901156581 10334 5543.852616 4
0.25 0.25 0.07902857421450152 10338 5545.901877 4
0.95 0.95 0.0877382884723565 10354 5554.350588 16
-0.049999999999999975 -0.049999999999999975 0.08636090558763293 10359 5557.035 5
0.25 0.25 0.0879972965317566 10363 5559.156166 4
0.25 0.25 0.08961732356643903 10368 5561.7487 5
-0.3499999999999999 -0.3499999999999999 0.08522115033077464 10384 5570.433095 16
0.5 0.5 0.0893689388274669 10389 5573.241343 5
-0.4333333333333333 -0.4333333333333333 0.0841419161058589 10399 5578.626146 10
-0.049999999999999975 -0.049999999999999975 0.08280049694480031 10405 5581.722008 6
0.25 0.25 0.08447249197535231 10410 5584.310549 5
0.25 0.25 0.08612776705559878 10414 5586.383779 4
-0.1333333333333333 -0.1333333333333333 0.08393315605170945 10424 5591.520914 10
0.05000000000000006 0.05000000000000006 0.08359382449119236 10438 5598.751249 14
-0.14999999999999997 -0.14999999999999997 0.08125788624628044 10448 5603.936321 10
0.3500000000000001 0.3500000000000001 0.08394530738381764 10458 5609.117398 10
-0.6 -0.6 0.07710585430997946 10471 5615.788483 13
-0.19999999999999996 -0.19999999999999996 0.07433479576687967 10480 5620.518161 9
-0.049999999999999975 -0.049999999999999975 0.07309144780921087 10489 5625.251835 9
0.45 0.45 0.07686053333111877 10495 5628.335715 6
0.6500000000000001 0.6500000000000001 0.08259192799780758 10503 5632.534103 8
-0.049999999999999975 -0.049999999999999975 0.0812660087178295 10508 5635.138623 5
0.45 0.45 0.08495334863065121 10515 5638.825695 7
-0.049999999999999975 -0.049999999999999975 0.0836038151443447 10520 5641.450189 5
-0.3666666666666666 -0.3666666666666666 0.07910111032623458 10541 5652.191832 21
0.10000000000000003 0.10000000000000003 0.07931009922297223 10547 5655.267723 6
-0.049999999999999975 -0.049999999999999975 0.07801699823074251 10552 5657.872242 5
0.5 0.5 0.08223682824843509 10557 5660.540675 5
-1.05 -1.05 0.07091445996595075 10572 5668.258361 15
0.2 0.2 0.07220531536629124 10584 5674.362204 12
-0.049999999999999975 -0.049999999999999975 0.07098326221262832 10589 5676.970718 5
0.45 0.45 0.07477342959050204 10595 5684.049259 6
0.55 0.55 0.07952569529459702 10608 5692.362149 13
-0.39999999999999997 -0.39999999999999997 0.07473043834165105 10615 5696.774046 7
0.5 0.5 0.07898313395823454 10628 5704.955113 13
-0.049999999999999975 -0.049999999999999975 0.07769330261865219 10633 5708.250708 5
0.13333333333333336 0.13333333333333336 0.07824970292579901 10648 5717.670119 15
-0.3833333333333332 -0.3833333333333332 0.07363387256320769 10670 5731.5276 22
-0.11666666666666659 -0.11666666666666659 0.07173086717090896 10686 5741.574176 16
0.55 0.55 0.07651355849919987 10697 5748.556843 11
-0.14999999999999997 -0.14999999999999997 0.07424842291420787 10707 5755.056157 10
-0.5999999999999999 -0.5999999999999999 0.0675059386850658 10721 5763.804469 14
0.45 0.45 0.07133087929821515 10727 5767.583417 6
0.25 0.25 0.073117570505233 10732 5770.751183 5
-0.24999999999999994 -0.24999999999999994 0.06988639480018066 10745 5778.868336 13
-0.39999999999999997 -0.39999999999999997 0.06518753085217885 10751 5782.57939 6
0.2 0.2 0.06653565554365706 10755 5785.107996 4
0.45 0.45 0.07037029898822049 10761 5789.07869 6
1.15 1.15 0.08116659599833828 10771 5796.125272 10
-2.3999999999999995 -2.3999999999999995 0.0563549300383549 10809 5822.290306 38
-0.3166666666666666 -0.3166666666666666 0.05262471407130469 10826 5833.82689 17
0.5 0.5 0.05709846693059164 10832 5837.969355 6
0.10000000000000003 0.10000000000000003 0.05752748226128572 10838 5842.123801 6
0.6500000000000001 0.6500000000000001 0.06345220743867286 10846 5847.748286 8
5.551115123125783e-17 5.551115123125783e-17 0.06281768536428613 10857 5855.202324 11
-0.49999999999999994 -0.49999999999999994 0.05718950851064327 10866 5861.433994 9
0.55 0.55 0.06211761342553684 10885 5874.404668 19
0.2 0.2 0.06349643729128146 10889 5877.168967 4
-1.2499999999999998 -1.2499999999999998 0.05036147291836865 10914 5894.689553 25
0.10000000000000003 0.10000000000000003 0.050857858189184965 10920 5899.151592 6
0.45 0.45 0.05484927960729312 10927 5904.420548 7
0.55 0.55 0.05980078681122018 10934 5909.761411 7
0.7 0.7 0.06620277894310797 10942 5915.685494 8
0.25 0.25 0.06804075115367689 10946 5918.525698 4
0.2 0.2 0.06936034364214012 10958 5926.858561 12
-0.09999999999999998 -0.09999999999999998 0.06766674020571872 10962 5929.83858 4
0.5 0.5 0.07199007280366154 10967 5933.433775 5
0.25 0.25 0.07377017207562493 10971 5936.218054 4
-0.7 -0.7 0.06603247035486867 10978 5941.087547 7
0.45 0.45 0.06987214565132 10984 5945.222021 6
-0.19999999999999996 -0.19999999999999996 0.06717342419480679 10992 5951.026265 8
-0.7666666666666667 -0.7666666666666667 0.058835023286192056 11010 5963.357785 18
0.45 0.45 0.06274667305333013 11016 5967.560169 6
-0.09999999999999998 -0.09999999999999998 0.06111920632279683 11020 5970.348446 4
-0.39999999999999997 -0.39999999999999997 0.05650801425956886 11026 5974.530854 6
0.25 0.25 0.058442934116973176 11030 5977.291165 4
-0.44999999999999996 -0.44999999999999996 0.05335850477580344 11042 5985.43628 12
0.5333333333333333 0.5333333333333333 0.05815825306137874 11053 5992.982195 11
-0.14999999999999997 -0.14999999999999997 0.056076670530764955 11061 5998.494828 8
0.8333333333333334 0.8333333333333334 0.06384923715879064 11074 6007.263113 13
-0.19999999999999996 -0.19999999999999996 0.06121074478720273 11083 6013.430868 9
-0.049999999999999975 -0.049999999999999975 0.060098637339330706 11087 6016.231137 4
-0.14999999999999997 -0.14999999999999997 0.0579976509659374 11096 6022.338966 9
-0.35 -0.35 0.05391767445627803 11103 6027.116579 7
-0.049999999999999975 -0.049999999999999975 0.052878497711715246 11108 6030.508047 5
0.45 0.45 0.05684971273459809 11114 6034.630537 6
-0.35 -0.35 0.0527812156072521 11121 6039.512014 7
-0.8499999999999999 -0.8499999999999999 0.04375340345117958 11140 6052.398791 19
0.25 0.25 0.045815869416667786 11144 6055.215027 4
-0.39999999999999997 -0.39999999999999997 0.041357710722501106 11150 6059.429395 6
0.45 0.45 0.04544413361527609 11156 6063.527919 6
0.25 0.25 0.047489692279123336 11164 6068.960659 8
0.25 0.25 0.0495147953563321 11168 6071.517242 4
-0.7166666666666668 -0.7166666666666668 0.041852980736102115 11185 6082.194973 17
0.10000000000000003 0.10000000000000003 0.042434450928741096 11191 6085.9899 6
0.25 0.25 0.04451010641945369 11195 6088.538493 4
-0.049999999999999975 -0.049999999999999975 0.04356500535525915 11200 6091.634357 5
0.25 0.25 0.045629355301706566 11204 6094.174962 4
0.21666666666666667 0.21666666666666667 0.047339728415356164 11221 6104.780789 17
-1.1666666666666667 -1.1666666666666667 0.035199664464535936 11240 6116.636943 19
0.25 0.25 0.03734766781989058 11244 6119.153581 4
-0.09999999999999998 -0.09999999999999998 0.035974191141691675 11248 6121.662228 4
0.25 0.25 0.03811444923027476 11254 6125.429194 6
0.25 0.25 0.040233304737972014 11258 6127.933847 4
0.25 0.25 0.042330971690592294 11264 6131.652877 6
0.9 0.9 0.050907661973686374 11281 6142.190794 17
-0.7999999999999998 -0.7999999999999998 0.04239858535394951 11297 6152.285304 16
-0.09999999999999998 -0.09999999999999998 0.04097459950041001 11301 6154.738027 4
-0.35 -0.35 0.037064853505405906 11308 6159.251993 7
0.25 0.25 0.03919420497035185 11312 6162.000321 4
0.25 0.25 0.041302262920648335 11316 6164.716691 4
-0.8999999999999999 -0.8999999999999999 0.03188924029144185 11332 6175.518255 16
0.25 0.25 0.03407034788852743 11337 6178.997605 5
0.35000000000000003 0.35000000000000003 0.03722964440964216 11348 6186.587463 11
-0.09999999999999998 -0.09999999999999998 0.03585734796554574 11352 6189.307827 4
-0.2999999999999999 -0.2999999999999999 0.03249877448589029 11373 6203.468903 21
0.25 0.25 0.03467378674103139 11377 6206.217229 4
0.10000000000000003 0.10000000000000003 0.03532704887362107 11383 6210.331731 6
-0.24999999999999994 -0.24999999999999994 0.032473778384884855 11396 6219.163928 13
0.35000000000000003 0.35000000000000003 0.03564904060103601 11405 6225.239807 9
0.3166666666666667 0.3166666666666667 0.03845921686169232 11418 6234.040047 13
-0.04999999999999992 -0.04999999999999992 0.0375746246930754 11435 6245.696469 17
0.25000000000000006 0.25000000000000006 0.03969887844614464 11449 6255.275669 14
-0.95 -0.95 0.029801889661683192 11460 6262.745699 11
-1.0 -1.0 0.019503870765066357 11470 6269.596534 10
-0.14999999999999997 -0.14999999999999997 0.017808832057415694 11479 6275.760299 9
-0.24999999999999994 -0.24999999999999994 0.015130743736841538 11495 6286.689687 16
0.5 0.5 0.019979436299473123 11500 6290.081155 5
0.3 0.3 0.02277964193647839 11507 6294.870754 7
0.2 0.2 0.024551845517113605 11511 6297.635584 4
0.05000000000000006 0.05000000000000006 0.024806327061942468 11522 6305.185493 11
0.25 0.25 0.02705826379132304 11526 6308.033687 4
-0.35 -0.35 0.02328768115340981 11533 6312.935138 7
0.05000000000000006 0.05000000000000006 0.023554804341875714 11543 6319.797966 10
0.3333333333333335 0.3333333333333335 0.02665258963179029 11562 6332.808579 19
0.25 0.25 0.028886063735472388 11566 6335.516961 4
-0.29999999999999993 -0.29999999999999993 0.025597203098117666 11580 6344.748625 14
-1.75 -1.75 0.007841231067136488 11609 6362.592775 29
-1.0666666666666667 -1.0666666666666667 -0.0029038479102015437 11632 6377.47289 23
0.25 0.25 -0.0003748094310995283 11638 6381.831066 6
0.45 0.45 0.004128938663211468 11644 6385.913612 6
0.25 0.25 0.006587649276579352 11648 6388.709873 4
-0.09999999999999998 -0.09999999999999998 0.005521772783813559 11652 6391.43823 4
0.10000000000000009 0.10000000000000009 0.006466555055975424 11671 6404.328999 19
-0.8999999999999999 -0.8999999999999999 -0.00259811049458433 11687 6415.601945 16
0.2 0.2 -0.0005721293896384866 11691 6418.346267 4
0.06666666666666667 0.06666666666666667 0.00010025857092456488 11704 6427.230395 13
0.25 0.25 0.0025992559852153195 11709 6430.637858 5
0.15000000000000002 0.15000000000000002 0.004073263425363166 11717 6436.182431 8
0.7 0.7 0.011032530791109534 11725 6441.707049 8
0.06666666666666667 0.06666666666666667 0.011588872149865105 11738 6450.70702 13
0.25 0.25 0.013972983428366455 11742 6453.499289 4
-0.09999999999999998 -0.09999999999999998 0.012833253594082791 11746 6456.231637 4
0.35000000000000003 0.35000000000000003 0.016204921058141964 11756 6462.994599 10
-0.13333333333333314 -0.13333333333333314 0.01470953851422721 11778 6478.094424 22
-0.09999999999999998 -0.09999999999999998 0.01356244312908494 11782 6480.774838 4
0.5 0.5 0.01842681869779409 11787 6484.4699 5
0.05000000000000006 0.05000000000000006 0.01874255051081615 11801 6494.864009 14
0.4500000000000001 0.4500000000000001 0.02305512500570799 11812 6503.252798 11
-0.049999999999999975 -0.049999999999999975 0.022324573755650907 11818 6507.850654 6
-0.39999999999999997 -0.39999999999999997 0.018101328018094397 11824 6512.001108 6
0.7333333333333334 0.7333333333333334 0.025253648071246786 11841 6523.709461 17
0.6500000000000001 0.6500000000000001 0.03150111159053432 11849 6529.26204 8
-0.29999999999999993 -0.29999999999999993 0.028186100474628977 11862 6538.182119 13
0.6500000000000001 0.6500000000000001 0.034404239469882684 11870 6543.930438 8
0.3500000000000001 0.3500000000000001 0.03756019707518386 11881 6551.796249 11
0.25 0.25 0.03968459510443203 11885 6554.612064 4
-1.5833333333333335 -1.5833333333333335 0.023454415820054374 11903 6567.134704 18
-2.8833333333333333 -2.8833333333333333 -0.005613461671479501 11925 6582.246509 22
-0.7 -0.7 -0.012557327054764705 11941 6593.080032 16
0.5 0.5 -0.007431753784217058 11947 6597.836573 6
0.25 0.25 -0.004857436246374887 11951 6600.620852 4
-0.39999999999999997 -0.39999999999999997 -0.008808861883911138 11957 6605.013116 6
-0.21666666666666667 -0.21666666666666667 -0.010887439931738694 11973 6616.533238 16
0.3500000000000001 0.3500000000000001 -0.007278565532421306 11982 6622.820835 9
0.5 0.5 -0.0022057798770970926 11987 6626.364099 5
-0.049999999999999975 -0.049999999999999975 -0.002683722078326121 11993 6630.702301 6
-1.0 -1.0 -0.01265688485754286 12015 6646.509178 22
-0.049999999999999975 -0.049999999999999975 -0.013030316008967431 12020 6650.220218 5
-0.35 -0.35 -0.01640001284887776 12027 6655.077728 7
0.2 0.2 -0.014236012720388982 12031 6658.169594 4
-0.049999999999999975 -0.049999999999999975 -0.014593652593185093 12036 6662.331238 5
-0.3999999999999999 -0.3999999999999999 -0.01844771606725324 12052 6676.296562 16
0.3833333333333333 0.3833333333333333 -0.014429905573247375 12068 6687.345796 16
-0.09999999999999998 -0.09999999999999998 -0.0152856065175149 12073 6690.805172 5
-0.14999999999999997 -0.14999999999999997 -0.01663275045233975 12091 6703.28051 18
-0.6499999999999999 -0.6499999999999999 -0.022966422947816353 12112 6717.753161 21
0.55 0.55 -0.01723675871833819 12123 6725.24315 11
0.75 0.75 -0.009564391131154808 12138 6735.365625 15
0.25 0.25 -0.006968747219843259 12142 6738.149905 4
-0.5999999999999999 -0.5999999999999999 -0.012899059747644825 12156 6747.793018 14
0.6333333333333333 0.6333333333333333 -0.006436735816835043 12162 6752.051324 6
0.6500000000000001 0.6500000000000001 0.00012763154133330849 12171 6758.203104 9
0.25 0.25 0.0026263552259199754 12175 6760.915478 4
0.25 0.25 0.005100091673660776 12179 6763.619864 4
0.45 0.45 0.009549090756924169 12185 6767.770318 6
0.25 0.25 0.011953599849354927 12189 6770.526634 4
-0.14999999999999997 -0.14999999999999997 0.010334063850861379 12203 6779.989987 14
0.25 0.25 0.012730723212352765 12207 6782.706357 4
-0.049999999999999975 -0.049999999999999975 0.012103415980229237 12212 6786.149757 5
-0.049999999999999975 -0.049999999999999975 0.011482381820426945 12217 6789.537228 5
0.25 0.25 0.013867558002222675 12221 6792.285556 4
0.35000000000000003 0.35000000000000003 0.01722888242220045 12231 6799.100451 10
-0.2999999999999999 -0.2999999999999999 0.014056593597978444 12243 6807.621061 12
-0.14999999999999997 -0.14999999999999997 0.01241602766199866 12253 6814.483889 10
0.15000000000000002 0.15000000000000002 0.013791867385378673 12261 6820.036469 8
0.7833333333333334 0.7833333333333334 0.02148728204485822 12273 6828.213542 12
-0.6499999999999999 -0.6499999999999999 0.01477240922440964 12283 6835.986663 10
-0.09999999999999998 -0.09999999999999998 0.013624685132165545 12287 6840.440762 4
-0.5499999999999998 -0.5499999999999998 0.007988438280843892 12303 9576.283214 16
0.35000000000000003 0.35000000000000003 0.011408553898035453 12313 9583.050112 10
0.15000000000000002 0.15000000000000002 0.012794468359055098 12321 9587.804395 8
-0.29999999999999993 -0.29999999999999993 0.009666523675464547 12333 9594.815639 12
-0.09999999999999998 -0.09999999999999998 0.008569858438709901 12338 9597.770733 5
5.551115123125783e-17 5.551115123125783e-17 0.008484159854322802 12350 9604.854301 12
0.10000000000000003 0.10000000000000003 0.009399318255779575 12356 9609.132399 6
0.25 0.25 0.01180532507322178 12362 9612.873392 6
0.15000000000000002 0.15000000000000002 0.013187271822489561 12369 9617.016309 7
0.25 0.25 0.015555399104264666 12373 9619.361036 4
-0.5999999999999999 -0.5999999999999999 0.00939984511322202 12387 9631.285982 14
